n02099712_362.JPEG	3	23	26	42
n02099712_338.JPEG	5	6	63	51
n02099712_326.JPEG	8	4	61	61
n02099712_248.JPEG	20	14	56	55
n02099712_18.JPEG	13	6	54	63
n02099712_299.JPEG	1	2	57	63
n02099712_405.JPEG	16	11	50	59
n02099712_381.JPEG	21	15	55	59
n02099712_211.JPEG	18	6	63	62
n02099712_387.JPEG	0	14	48	62
n02099712_497.JPEG	20	13	55	63
n02099712_249.JPEG	0	6	63	60
n02099712_166.JPEG	40	12	63	62
n02099712_142.JPEG	7	0	63	63
n02099712_13.JPEG	0	0	57	63
n02099712_438.JPEG	3	6	63	63
n02099712_22.JPEG	19	18	51	63
n02099712_280.JPEG	26	4	63	57
n02099712_247.JPEG	14	2	63	63
n02099712_164.JPEG	0	8	63	59
n02099712_457.JPEG	0	23	51	48
n02099712_486.JPEG	10	1	52	63
n02099712_9.JPEG	24	9	63	63
n02099712_113.JPEG	37	21	44	28
n02099712_123.JPEG	5	1	58	63
n02099712_26.JPEG	8	7	60	63
n02099712_349.JPEG	0	0	63	63
n02099712_30.JPEG	0	8	63	63
n02099712_484.JPEG	1	0	57	63
n02099712_441.JPEG	7	2	61	62
n02099712_329.JPEG	2	1	63	63
n02099712_140.JPEG	1	4	59	49
n02099712_374.JPEG	22	23	35	41
n02099712_315.JPEG	0	0	63	63
n02099712_331.JPEG	9	23	31	47
n02099712_108.JPEG	0	3	43	55
n02099712_490.JPEG	0	2	60	60
n02099712_324.JPEG	41	28	63	63
n02099712_422.JPEG	4	12	63	63
n02099712_139.JPEG	3	10	63	63
n02099712_317.JPEG	46	16	63	63
n02099712_433.JPEG	18	17	52	55
n02099712_4.JPEG	0	0	63	63
n02099712_330.JPEG	3	2	56	63
n02099712_29.JPEG	0	13	63	57
n02099712_376.JPEG	0	1	63	63
n02099712_467.JPEG	1	11	59	63
n02099712_307.JPEG	12	8	63	63
n02099712_465.JPEG	3	0	63	46
n02099712_440.JPEG	19	1	63	63
n02099712_449.JPEG	10	19	63	63
n02099712_19.JPEG	6	0	57	54
n02099712_15.JPEG	0	21	63	60
n02099712_291.JPEG	0	6	53	63
n02099712_304.JPEG	0	1	63	63
n02099712_388.JPEG	0	2	63	63
n02099712_275.JPEG	17	23	53	63
n02099712_448.JPEG	8	19	63	60
n02099712_218.JPEG	0	9	57	55
n02099712_382.JPEG	26	15	60	40
n02099712_485.JPEG	0	4	63	58
n02099712_458.JPEG	18	19	41	56
n02099712_478.JPEG	27	27	59	56
n02099712_121.JPEG	0	11	63	63
n02099712_259.JPEG	10	4	53	63
n02099712_156.JPEG	6	0	54	63
n02099712_193.JPEG	0	0	56	63
n02099712_244.JPEG	3	27	35	48
n02099712_33.JPEG	0	17	31	41
n02099712_129.JPEG	24	8	50	50
n02099712_253.JPEG	1	10	63	57
n02099712_60.JPEG	16	1	60	62
n02099712_126.JPEG	22	8	63	44
n02099712_297.JPEG	8	1	63	63
n02099712_14.JPEG	46	30	59	58
n02099712_342.JPEG	1	0	53	63
n02099712_92.JPEG	0	14	58	63
n02099712_343.JPEG	0	5	62	61
n02099712_197.JPEG	0	0	63	63
n02099712_480.JPEG	2	31	61	63
n02099712_333.JPEG	10	8	63	63
n02099712_160.JPEG	6	0	56	58
n02099712_274.JPEG	5	6	63	63
n02099712_103.JPEG	0	51	22	63
n02099712_138.JPEG	0	9	63	59
n02099712_400.JPEG	20	15	56	63
n02099712_130.JPEG	17	0	63	63
n02099712_442.JPEG	4	5	63	60
n02099712_150.JPEG	32	14	57	62
n02099712_89.JPEG	3	0	63	63
n02099712_177.JPEG	0	5	44	56
n02099712_124.JPEG	14	12	53	50
n02099712_143.JPEG	28	22	49	57
n02099712_395.JPEG	19	15	63	63
n02099712_120.JPEG	13	38	52	63
n02099712_493.JPEG	0	16	63	47
n02099712_72.JPEG	0	0	63	61
n02099712_236.JPEG	5	9	52	63
n02099712_399.JPEG	18	11	63	63
n02099712_461.JPEG	11	20	30	46
n02099712_226.JPEG	0	7	43	42
n02099712_466.JPEG	0	4	56	62
n02099712_215.JPEG	5	15	58	61
n02099712_17.JPEG	13	3	57	63
n02099712_32.JPEG	0	22	14	57
n02099712_489.JPEG	0	8	63	57
n02099712_65.JPEG	0	0	60	63
n02099712_101.JPEG	2	0	63	63
n02099712_229.JPEG	0	8	63	63
n02099712_269.JPEG	0	9	56	51
n02099712_192.JPEG	4	9	59	57
n02099712_277.JPEG	15	2	52	63
n02099712_82.JPEG	3	0	58	63
n02099712_396.JPEG	18	5	63	63
n02099712_213.JPEG	0	0	63	63
n02099712_1.JPEG	0	0	63	63
n02099712_136.JPEG	2	20	55	51
n02099712_472.JPEG	0	5	61	63
n02099712_0.JPEG	23	30	63	63
n02099712_234.JPEG	0	11	62	56
n02099712_144.JPEG	0	5	63	53
n02099712_340.JPEG	8	17	52	49
n02099712_67.JPEG	18	20	63	62
n02099712_284.JPEG	0	27	29	63
n02099712_174.JPEG	2	0	63	63
n02099712_337.JPEG	0	0	63	63
n02099712_371.JPEG	2	2	61	63
n02099712_443.JPEG	0	0	59	63
n02099712_325.JPEG	14	6	59	62
n02099712_495.JPEG	0	14	63	63
n02099712_107.JPEG	14	30	58	62
n02099712_96.JPEG	0	0	63	50
n02099712_439.JPEG	17	40	35	53
n02099712_7.JPEG	0	16	38	63
n02099712_423.JPEG	0	0	52	62
n02099712_341.JPEG	10	0	48	63
n02099712_386.JPEG	9	0	47	63
n02099712_303.JPEG	0	2	63	63
n02099712_292.JPEG	10	0	63	63
n02099712_235.JPEG	0	6	63	61
n02099712_232.JPEG	5	2	63	55
n02099712_50.JPEG	29	0	54	47
n02099712_73.JPEG	27	3	63	63
n02099712_196.JPEG	0	21	21	63
n02099712_122.JPEG	17	4	48	62
n02099712_155.JPEG	32	16	63	62
n02099712_117.JPEG	13	8	63	63
n02099712_323.JPEG	8	0	59	63
n02099712_61.JPEG	19	30	29	49
n02099712_392.JPEG	5	2	63	63
n02099712_285.JPEG	41	18	63	52
n02099712_146.JPEG	0	6	63	63
n02099712_125.JPEG	6	4	52	55
n02099712_347.JPEG	0	5	63	63
n02099712_12.JPEG	1	0	63	63
n02099712_62.JPEG	0	10	48	61
n02099712_207.JPEG	34	6	63	52
n02099712_228.JPEG	5	0	61	63
n02099712_56.JPEG	7	27	44	51
n02099712_91.JPEG	7	5	57	63
n02099712_426.JPEG	11	0	61	52
n02099712_279.JPEG	14	8	53	44
n02099712_414.JPEG	6	8	63	56
n02099712_185.JPEG	18	3	51	63
n02099712_353.JPEG	0	5	63	61
n02099712_55.JPEG	0	6	63	55
n02099712_182.JPEG	12	17	48	34
n02099712_270.JPEG	17	1	63	61
n02099712_380.JPEG	43	17	63	55
n02099712_145.JPEG	2	0	51	63
n02099712_210.JPEG	2	2	59	63
n02099712_81.JPEG	15	15	63	59
n02099712_327.JPEG	12	7	49	63
n02099712_356.JPEG	0	7	63	59
n02099712_217.JPEG	0	12	43	63
n02099712_397.JPEG	8	0	54	63
n02099712_293.JPEG	17	3	63	63
n02099712_455.JPEG	30	16	63	61
n02099712_110.JPEG	0	1	63	63
n02099712_462.JPEG	7	0	60	60
n02099712_298.JPEG	0	1	63	36
n02099712_202.JPEG	4	0	63	63
n02099712_45.JPEG	27	11	50	63
n02099712_208.JPEG	0	0	63	63
n02099712_86.JPEG	12	12	63	63
n02099712_410.JPEG	7	5	63	63
n02099712_58.JPEG	19	0	46	47
n02099712_115.JPEG	0	0	63	63
n02099712_251.JPEG	11	0	50	63
n02099712_116.JPEG	5	16	63	58
n02099712_258.JPEG	0	5	55	63
n02099712_147.JPEG	23	18	53	45
n02099712_165.JPEG	25	12	63	59
n02099712_454.JPEG	4	1	63	63
n02099712_368.JPEG	2	0	55	63
n02099712_404.JPEG	0	4	63	63
n02099712_153.JPEG	13	0	63	63
n02099712_411.JPEG	0	16	63	53
n02099712_373.JPEG	45	16	63	59
n02099712_44.JPEG	0	7	55	63
n02099712_158.JPEG	1	0	56	34
n02099712_201.JPEG	9	18	52	45
n02099712_263.JPEG	1	6	37	63
n02099712_401.JPEG	19	9	63	63
n02099712_42.JPEG	6	3	63	63
n02099712_364.JPEG	6	9	56	63
n02099712_25.JPEG	1	0	63	63
n02099712_212.JPEG	0	15	26	54
n02099712_367.JPEG	16	5	52	58
n02099712_188.JPEG	2	13	63	46
n02099712_351.JPEG	2	26	37	63
n02099712_69.JPEG	2	11	63	63
n02099712_425.JPEG	0	1	63	61
n02099712_361.JPEG	40	13	63	63
n02099712_377.JPEG	15	1	63	63
n02099712_430.JPEG	3	0	61	63
n02099712_175.JPEG	23	23	39	47
n02099712_479.JPEG	4	0	53	63
n02099712_154.JPEG	9	23	63	63
n02099712_314.JPEG	21	22	53	55
n02099712_492.JPEG	26	36	31	45
n02099712_52.JPEG	0	1	63	63
n02099712_176.JPEG	9	24	22	32
n02099712_265.JPEG	11	27	46	63
n02099712_273.JPEG	16	44	47	63
n02099712_51.JPEG	14	20	63	63
n02099712_499.JPEG	2	32	28	46
n02099712_429.JPEG	0	1	63	57
n02099712_85.JPEG	0	0	63	63
n02099712_436.JPEG	38	32	54	48
n02099712_162.JPEG	12	1	49	63
n02099712_43.JPEG	4	12	56	58
n02099712_346.JPEG	23	33	63	63
n02099712_288.JPEG	36	35	47	53
n02099712_305.JPEG	5	4	63	63
n02099712_190.JPEG	24	23	45	51
n02099712_76.JPEG	21	28	44	63
n02099712_191.JPEG	17	20	63	61
n02099712_357.JPEG	0	27	32	58
n02099712_300.JPEG	39	27	56	50
n02099712_409.JPEG	24	24	53	55
n02099712_237.JPEG	1	1	56	63
n02099712_459.JPEG	10	14	35	47
n02099712_135.JPEG	0	5	63	63
n02099712_6.JPEG	30	21	63	49
n02099712_241.JPEG	0	1	63	63
n02099712_127.JPEG	14	17	63	47
n02099712_420.JPEG	5	38	63	63
n02099712_487.JPEG	10	6	63	63
n02099712_49.JPEG	0	1	63	63
n02099712_418.JPEG	6	0	63	63
n02099712_483.JPEG	0	2	63	63
n02099712_336.JPEG	4	0	63	63
n02099712_180.JPEG	3	8	61	58
n02099712_179.JPEG	22	12	52	59
n02099712_35.JPEG	0	9	63	60
n02099712_385.JPEG	33	16	63	57
n02099712_173.JPEG	9	1	63	63
n02099712_203.JPEG	4	0	38	39
n02099712_100.JPEG	0	5	42	63
n02099712_198.JPEG	5	0	55	63
n02099712_47.JPEG	0	0	63	60
n02099712_359.JPEG	0	0	63	60
n02099712_268.JPEG	15	5	53	63
n02099712_114.JPEG	4	4	58	63
n02099712_178.JPEG	14	22	54	57
n02099712_41.JPEG	27	46	63	63
n02099712_157.JPEG	20	15	63	45
n02099712_231.JPEG	0	3	63	63
n02099712_149.JPEG	23	33	63	63
n02099712_194.JPEG	0	9	63	50
n02099712_111.JPEG	13	25	47	45
n02099712_205.JPEG	2	15	55	51
n02099712_97.JPEG	8	11	61	63
n02099712_316.JPEG	14	24	43	63
n02099712_313.JPEG	4	3	63	63
n02099712_71.JPEG	0	7	62	60
n02099712_370.JPEG	4	16	43	62
n02099712_375.JPEG	0	5	63	63
n02099712_413.JPEG	0	19	62	47
n02099712_398.JPEG	0	14	50	57
n02099712_476.JPEG	0	0	60	63
n02099712_245.JPEG	0	6	63	51
n02099712_246.JPEG	7	14	48	33
n02099712_28.JPEG	0	8	63	43
n02099712_137.JPEG	0	1	63	63
n02099712_38.JPEG	0	6	52	63
n02099712_345.JPEG	21	23	46	50
n02099712_224.JPEG	0	9	63	56
n02099712_3.JPEG	10	23	44	61
n02099712_447.JPEG	0	5	63	63
n02099712_289.JPEG	0	33	63	63
n02099712_118.JPEG	0	4	54	63
n02099712_21.JPEG	0	0	63	62
n02099712_302.JPEG	19	13	50	57
n02099712_11.JPEG	16	4	46	48
n02099712_151.JPEG	5	0	63	63
n02099712_169.JPEG	14	20	63	59
n02099712_200.JPEG	9	0	63	63
n02099712_496.JPEG	0	11	56	63
n02099712_456.JPEG	0	1	63	63
n02099712_287.JPEG	0	7	23	50
n02099712_432.JPEG	30	11	63	63
n02099712_16.JPEG	0	0	63	63
n02099712_187.JPEG	5	5	63	61
n02099712_366.JPEG	0	10	31	63
n02099712_475.JPEG	3	20	53	52
n02099712_37.JPEG	0	12	53	63
n02099712_389.JPEG	0	4	63	60
n02099712_48.JPEG	0	25	26	50
n02099712_358.JPEG	0	4	63	63
n02099712_310.JPEG	12	26	40	59
n02099712_261.JPEG	17	0	48	63
n02099712_272.JPEG	25	26	51	53
n02099712_339.JPEG	0	8	63	58
n02099712_152.JPEG	0	1	63	63
n02099712_481.JPEG	0	3	63	62
n02099712_391.JPEG	14	8	63	63
n02099712_74.JPEG	5	5	55	63
n02099712_59.JPEG	3	28	29	58
n02099712_88.JPEG	2	0	61	63
n02099712_328.JPEG	0	0	63	63
n02099712_2.JPEG	13	15	63	53
n02099712_363.JPEG	9	5	63	62
n02099712_230.JPEG	0	9	54	61
n02099712_10.JPEG	0	27	32	42
n02099712_282.JPEG	14	5	51	63
n02099712_348.JPEG	0	0	63	63
n02099712_5.JPEG	3	13	62	63
n02099712_491.JPEG	4	10	63	55
n02099712_407.JPEG	0	12	63	63
n02099712_131.JPEG	3	5	61	63
n02099712_171.JPEG	10	0	63	63
n02099712_266.JPEG	0	6	58	63
n02099712_23.JPEG	29	26	53	49
n02099712_286.JPEG	0	12	60	63
n02099712_167.JPEG	0	9	35	63
n02099712_104.JPEG	23	11	43	61
n02099712_256.JPEG	9	0	54	63
n02099712_40.JPEG	10	23	39	50
n02099712_477.JPEG	0	8	63	63
n02099712_393.JPEG	53	14	63	37
n02099712_220.JPEG	21	1	63	60
n02099712_469.JPEG	6	0	53	63
n02099712_36.JPEG	5	15	63	63
n02099712_473.JPEG	3	4	58	63
n02099712_402.JPEG	0	3	50	51
n02099712_214.JPEG	10	7	63	63
n02099712_141.JPEG	10	0	53	61
n02099712_221.JPEG	3	0	62	63
val_9749.JPEG	0	6	60	63
val_6063.JPEG	12	4	63	63
val_9105.JPEG	9	5	63	63
val_9673.JPEG	0	0	63	58
val_944.JPEG	21	11	51	62
val_4483.JPEG	0	40	16	63
val_5983.JPEG	0	14	33	63
val_9744.JPEG	7	5	47	60
val_7239.JPEG	0	1	54	63
val_7326.JPEG	1	28	43	57
val_1796.JPEG	20	25	63	63
val_1017.JPEG	0	4	58	63
val_6553.JPEG	28	1	48	34
val_7619.JPEG	13	55	21	62
val_492.JPEG	16	20	47	62
val_8790.JPEG	1	1	63	63
val_9265.JPEG	14	0	63	63
val_5956.JPEG	25	28	40	49
val_3724.JPEG	0	11	61	33
val_3520.JPEG	0	11	37	63
val_6267.JPEG	0	15	63	63
val_2331.JPEG	0	20	63	53
val_5675.JPEG	0	17	41	58
val_7122.JPEG	19	30	42	43
val_6393.JPEG	9	18	25	45
val_2971.JPEG	0	5	60	63
val_5525.JPEG	5	0	53	62
val_8707.JPEG	10	1	44	63
val_1610.JPEG	16	29	50	63
val_1363.JPEG	0	18	63	63
val_5830.JPEG	0	20	32	63
val_4160.JPEG	5	9	52	55
val_908.JPEG	0	12	63	61
val_4958.JPEG	0	2	63	63
val_9450.JPEG	5	2	61	63
