n04398044_203.JPEG	16	53	35	63
n04398044_304.JPEG	8	7	59	62
n04398044_253.JPEG	2	11	62	58
n04398044_317.JPEG	0	3	50	52
n04398044_380.JPEG	0	5	46	60
n04398044_66.JPEG	4	2	60	61
n04398044_256.JPEG	0	1	63	63
n04398044_133.JPEG	10	1	63	43
n04398044_37.JPEG	0	0	63	61
n04398044_71.JPEG	0	12	63	63
n04398044_273.JPEG	10	14	63	53
n04398044_28.JPEG	0	3	63	61
n04398044_172.JPEG	8	0	61	63
n04398044_33.JPEG	17	11	63	49
n04398044_189.JPEG	0	0	63	63
n04398044_199.JPEG	2	1	63	63
n04398044_187.JPEG	0	2	63	62
n04398044_102.JPEG	3	0	63	63
n04398044_298.JPEG	2	8	55	62
n04398044_352.JPEG	0	3	59	50
n04398044_490.JPEG	0	0	63	63
n04398044_294.JPEG	5	1	60	63
n04398044_165.JPEG	0	8	63	54
n04398044_153.JPEG	0	0	63	63
n04398044_362.JPEG	0	1	63	61
n04398044_81.JPEG	0	3	60	62
n04398044_361.JPEG	0	4	63	59
n04398044_423.JPEG	0	10	63	58
n04398044_42.JPEG	0	2	59	63
n04398044_185.JPEG	0	6	63	56
n04398044_34.JPEG	5	3	63	40
n04398044_466.JPEG	0	9	63	55
n04398044_140.JPEG	7	4	61	46
n04398044_289.JPEG	5	0	63	63
n04398044_358.JPEG	0	8	60	59
n04398044_219.JPEG	16	30	58	62
n04398044_397.JPEG	0	0	41	56
n04398044_464.JPEG	0	2	63	59
n04398044_40.JPEG	7	13	63	56
n04398044_340.JPEG	0	10	50	53
n04398044_136.JPEG	0	2	63	63
n04398044_324.JPEG	34	12	63	54
n04398044_349.JPEG	0	5	63	60
n04398044_428.JPEG	0	3	63	57
n04398044_55.JPEG	4	14	42	57
n04398044_369.JPEG	11	3	59	56
n04398044_429.JPEG	18	0	50	50
n04398044_84.JPEG	0	20	62	63
n04398044_372.JPEG	0	2	63	61
n04398044_365.JPEG	11	1	62	42
n04398044_251.JPEG	0	6	63	54
n04398044_54.JPEG	0	4	55	46
n04398044_356.JPEG	27	6	63	41
n04398044_367.JPEG	4	7	59	63
n04398044_73.JPEG	2	1	63	53
n04398044_129.JPEG	0	8	63	56
n04398044_496.JPEG	0	1	58	49
n04398044_5.JPEG	0	4	63	62
n04398044_120.JPEG	2	16	58	51
n04398044_480.JPEG	0	0	51	56
n04398044_237.JPEG	0	4	31	56
n04398044_266.JPEG	3	13	58	59
n04398044_393.JPEG	0	10	63	61
n04398044_322.JPEG	2	7	60	63
n04398044_101.JPEG	0	0	63	63
n04398044_195.JPEG	18	28	57	57
n04398044_443.JPEG	0	10	59	48
n04398044_249.JPEG	0	30	24	52
n04398044_170.JPEG	5	0	60	61
n04398044_484.JPEG	3	0	63	63
n04398044_376.JPEG	10	6	63	48
n04398044_446.JPEG	7	14	51	62
n04398044_419.JPEG	2	0	63	63
n04398044_184.JPEG	0	7	63	56
n04398044_21.JPEG	11	1	53	58
n04398044_492.JPEG	2	1	63	57
n04398044_459.JPEG	0	8	63	58
n04398044_35.JPEG	6	7	56	61
n04398044_440.JPEG	5	7	57	53
n04398044_88.JPEG	0	10	63	58
n04398044_306.JPEG	0	0	63	63
n04398044_433.JPEG	0	3	62	50
n04398044_247.JPEG	0	3	63	63
n04398044_173.JPEG	18	0	63	63
n04398044_378.JPEG	31	1	63	30
n04398044_460.JPEG	4	14	58	49
n04398044_57.JPEG	0	0	63	62
n04398044_115.JPEG	11	21	47	47
n04398044_191.JPEG	0	10	63	57
n04398044_93.JPEG	34	1	63	51
n04398044_323.JPEG	0	7	63	63
n04398044_201.JPEG	11	4	56	60
n04398044_390.JPEG	7	12	49	50
n04398044_116.JPEG	6	3	62	62
n04398044_100.JPEG	0	0	63	63
n04398044_51.JPEG	0	1	62	61
n04398044_399.JPEG	16	15	45	57
n04398044_160.JPEG	5	0	62	63
n04398044_458.JPEG	0	36	25	63
n04398044_278.JPEG	0	7	13	63
n04398044_32.JPEG	8	1	63	61
n04398044_238.JPEG	3	0	63	43
n04398044_226.JPEG	4	5	63	63
n04398044_154.JPEG	0	1	63	59
n04398044_80.JPEG	6	6	52	50
n04398044_307.JPEG	0	13	63	60
n04398044_36.JPEG	6	0	59	63
n04398044_38.JPEG	14	0	63	52
n04398044_45.JPEG	1	29	53	63
n04398044_409.JPEG	0	0	63	63
n04398044_282.JPEG	0	0	63	58
n04398044_455.JPEG	0	10	63	59
n04398044_228.JPEG	0	0	42	44
n04398044_107.JPEG	9	5	55	62
n04398044_58.JPEG	15	0	49	43
n04398044_260.JPEG	13	7	54	60
n04398044_4.JPEG	0	9	63	60
n04398044_275.JPEG	25	16	63	59
n04398044_400.JPEG	0	6	63	63
n04398044_142.JPEG	4	13	57	51
n04398044_359.JPEG	6	3	63	58
n04398044_290.JPEG	0	8	63	63
n04398044_388.JPEG	14	11	63	50
n04398044_268.JPEG	25	9	63	49
n04398044_156.JPEG	0	1	63	40
n04398044_310.JPEG	5	4	63	62
n04398044_135.JPEG	2	5	63	63
n04398044_274.JPEG	0	42	32	60
n04398044_163.JPEG	4	8	61	58
n04398044_92.JPEG	0	8	55	60
n04398044_48.JPEG	0	0	63	57
n04398044_453.JPEG	0	1	63	60
n04398044_293.JPEG	0	1	63	63
n04398044_159.JPEG	0	2	63	63
n04398044_373.JPEG	9	4	56	37
n04398044_141.JPEG	0	0	63	63
n04398044_302.JPEG	0	1	63	63
n04398044_476.JPEG	18	3	63	56
n04398044_177.JPEG	6	0	61	59
n04398044_348.JPEG	1	2	62	62
n04398044_248.JPEG	3	14	58	52
n04398044_272.JPEG	0	5	63	62
n04398044_283.JPEG	0	14	63	63
n04398044_431.JPEG	0	4	63	59
n04398044_60.JPEG	0	1	63	60
n04398044_258.JPEG	0	2	36	43
n04398044_493.JPEG	0	6	63	63
n04398044_374.JPEG	14	0	40	37
n04398044_147.JPEG	0	21	29	58
n04398044_95.JPEG	0	6	43	56
n04398044_240.JPEG	10	4	61	55
n04398044_8.JPEG	0	0	63	63
n04398044_465.JPEG	4	6	63	63
n04398044_171.JPEG	4	0	61	63
n04398044_122.JPEG	0	1	63	63
n04398044_469.JPEG	4	3	63	62
n04398044_297.JPEG	2	6	61	63
n04398044_345.JPEG	5	4	60	62
n04398044_139.JPEG	0	1	52	63
n04398044_287.JPEG	8	17	63	59
n04398044_223.JPEG	7	11	53	46
n04398044_262.JPEG	7	6	59	56
n04398044_485.JPEG	42	1	63	60
n04398044_152.JPEG	0	1	63	63
n04398044_47.JPEG	2	7	63	61
n04398044_23.JPEG	0	5	59	54
n04398044_25.JPEG	18	53	37	63
n04398044_192.JPEG	0	4	63	59
n04398044_225.JPEG	0	13	63	63
n04398044_449.JPEG	0	12	63	55
n04398044_68.JPEG	0	10	63	57
n04398044_420.JPEG	11	7	53	41
n04398044_387.JPEG	12	8	63	59
n04398044_350.JPEG	0	7	63	59
n04398044_344.JPEG	0	4	63	61
n04398044_97.JPEG	0	1	63	63
n04398044_123.JPEG	0	17	63	63
n04398044_106.JPEG	0	4	63	61
n04398044_335.JPEG	0	0	63	63
n04398044_86.JPEG	16	43	44	63
n04398044_231.JPEG	13	2	56	63
n04398044_410.JPEG	31	5	63	46
n04398044_3.JPEG	0	1	63	63
n04398044_79.JPEG	31	17	56	47
n04398044_29.JPEG	6	16	57	53
n04398044_206.JPEG	0	6	48	48
n04398044_178.JPEG	14	32	45	63
n04398044_417.JPEG	0	1	63	63
n04398044_14.JPEG	14	0	48	18
n04398044_473.JPEG	2	0	57	61
n04398044_265.JPEG	4	6	63	59
n04398044_87.JPEG	4	10	63	50
n04398044_121.JPEG	27	6	63	55
n04398044_126.JPEG	0	4	63	63
n04398044_292.JPEG	0	24	45	58
n04398044_18.JPEG	4	2	58	62
n04398044_425.JPEG	0	7	63	51
n04398044_53.JPEG	23	0	50	14
n04398044_383.JPEG	4	5	55	57
n04398044_0.JPEG	3	6	62	57
n04398044_413.JPEG	0	20	23	55
n04398044_339.JPEG	0	17	60	63
n04398044_94.JPEG	5	9	63	62
n04398044_342.JPEG	11	4	59	58
n04398044_427.JPEG	0	1	63	61
n04398044_494.JPEG	32	31	63	62
n04398044_125.JPEG	0	14	63	55
n04398044_254.JPEG	0	14	63	50
n04398044_113.JPEG	11	7	57	61
n04398044_11.JPEG	0	25	34	56
n04398044_181.JPEG	16	1	63	62
n04398044_318.JPEG	14	5	61	39
n04398044_395.JPEG	1	8	63	62
n04398044_442.JPEG	0	9	58	63
n04398044_85.JPEG	1	2	63	63
n04398044_242.JPEG	10	4	52	30
n04398044_15.JPEG	11	0	50	27
n04398044_213.JPEG	0	5	63	60
n04398044_209.JPEG	5	0	61	57
n04398044_426.JPEG	0	9	63	59
n04398044_200.JPEG	6	12	58	45
n04398044_64.JPEG	9	6	61	59
n04398044_198.JPEG	0	1	63	63
n04398044_30.JPEG	0	4	63	61
n04398044_62.JPEG	4	9	56	61
n04398044_82.JPEG	1	18	60	63
n04398044_432.JPEG	0	3	63	63
n04398044_491.JPEG	24	2	63	59
n04398044_337.JPEG	0	7	63	57
n04398044_31.JPEG	0	3	63	60
n04398044_61.JPEG	0	5	63	61
n04398044_175.JPEG	20	17	63	54
n04398044_180.JPEG	2	4	63	58
n04398044_277.JPEG	0	1	63	60
n04398044_288.JPEG	0	23	30	52
n04398044_291.JPEG	6	13	60	63
n04398044_46.JPEG	5	7	61	62
n04398044_10.JPEG	1	6	63	58
n04398044_41.JPEG	0	3	63	61
n04398044_252.JPEG	0	3	33	36
n04398044_155.JPEG	2	0	62	63
n04398044_321.JPEG	6	0	57	63
n04398044_497.JPEG	3	9	53	55
n04398044_9.JPEG	0	1	63	58
n04398044_132.JPEG	3	6	59	63
n04398044_210.JPEG	7	5	55	63
n04398044_478.JPEG	1	20	50	56
n04398044_471.JPEG	0	0	63	63
n04398044_296.JPEG	0	2	63	63
n04398044_386.JPEG	0	6	63	58
n04398044_392.JPEG	6	7	49	34
n04398044_63.JPEG	6	0	63	40
n04398044_474.JPEG	0	4	63	63
n04398044_402.JPEG	10	2	60	57
n04398044_83.JPEG	0	6	63	63
n04398044_183.JPEG	0	6	57	62
n04398044_389.JPEG	0	15	55	55
n04398044_145.JPEG	0	0	63	41
n04398044_151.JPEG	1	3	58	41
n04398044_169.JPEG	6	5	60	58
n04398044_112.JPEG	2	0	61	63
n04398044_148.JPEG	1	13	63	51
n04398044_394.JPEG	8	9	59	42
n04398044_461.JPEG	1	0	63	63
n04398044_193.JPEG	35	32	63	55
n04398044_158.JPEG	0	13	63	59
n04398044_117.JPEG	0	1	63	63
n04398044_412.JPEG	5	3	61	63
n04398044_221.JPEG	0	7	63	61
n04398044_316.JPEG	37	31	62	56
n04398044_279.JPEG	0	0	63	63
n04398044_167.JPEG	2	0	58	63
n04398044_232.JPEG	22	4	63	58
n04398044_124.JPEG	0	2	63	63
n04398044_164.JPEG	0	4	63	58
n04398044_347.JPEG	0	9	60	58
n04398044_276.JPEG	0	0	63	58
n04398044_130.JPEG	0	1	63	63
n04398044_6.JPEG	16	10	63	63
n04398044_488.JPEG	0	6	63	62
n04398044_424.JPEG	2	4	63	63
n04398044_267.JPEG	31	25	58	49
n04398044_75.JPEG	6	2	58	62
n04398044_235.JPEG	0	6	63	60
n04398044_205.JPEG	0	6	63	56
n04398044_415.JPEG	2	3	62	62
n04398044_255.JPEG	2	0	59	51
n04398044_305.JPEG	0	4	63	61
n04398044_281.JPEG	0	4	63	60
n04398044_353.JPEG	0	3	63	58
n04398044_457.JPEG	0	4	63	63
n04398044_456.JPEG	3	0	39	39
n04398044_482.JPEG	9	0	56	45
n04398044_396.JPEG	0	8	60	63
n04398044_405.JPEG	20	14	63	49
n04398044_236.JPEG	17	10	63	63
n04398044_72.JPEG	0	0	63	63
n04398044_146.JPEG	12	5	49	42
n04398044_105.JPEG	2	6	63	62
n04398044_161.JPEG	0	3	59	59
n04398044_444.JPEG	0	0	63	63
n04398044_162.JPEG	0	4	36	37
n04398044_263.JPEG	5	9	60	55
n04398044_214.JPEG	5	0	63	62
n04398044_39.JPEG	2	4	63	63
n04398044_261.JPEG	17	17	63	58
n04398044_414.JPEG	0	3	63	62
n04398044_98.JPEG	0	4	63	57
n04398044_22.JPEG	0	25	46	63
n04398044_343.JPEG	1	8	61	57
n04398044_434.JPEG	5	1	61	63
n04398044_78.JPEG	5	7	63	54
n04398044_338.JPEG	0	4	63	47
n04398044_168.JPEG	0	0	63	58
n04398044_108.JPEG	3	5	63	56
n04398044_222.JPEG	2	2	46	41
n04398044_202.JPEG	9	11	37	36
n04398044_407.JPEG	6	4	63	56
n04398044_49.JPEG	6	0	60	63
n04398044_280.JPEG	1	1	63	63
n04398044_300.JPEG	1	1	62	63
n04398044_127.JPEG	0	4	63	63
n04398044_483.JPEG	6	3	63	60
n04398044_194.JPEG	21	11	63	44
n04398044_406.JPEG	0	1	53	63
n04398044_111.JPEG	41	26	63	55
n04398044_43.JPEG	5	0	58	63
n04398044_438.JPEG	38	16	63	58
n04398044_499.JPEG	0	3	63	59
n04398044_285.JPEG	7	6	63	56
n04398044_243.JPEG	1	3	63	62
n04398044_366.JPEG	0	3	63	61
n04398044_19.JPEG	0	3	63	59
n04398044_422.JPEG	0	9	59	53
n04398044_379.JPEG	4	7	63	48
n04398044_311.JPEG	3	4	59	61
n04398044_360.JPEG	3	11	55	49
n04398044_190.JPEG	0	1	54	62
n04398044_486.JPEG	10	14	53	53
n04398044_174.JPEG	9	10	57	57
n04398044_157.JPEG	12	5	63	56
n04398044_329.JPEG	0	4	63	63
n04398044_312.JPEG	0	5	63	60
n04398044_119.JPEG	0	4	63	56
n04398044_408.JPEG	2	6	59	61
n04398044_416.JPEG	0	1	63	63
n04398044_91.JPEG	12	14	58	47
n04398044_128.JPEG	6	5	49	58
n04398044_104.JPEG	25	1	63	30
n04398044_270.JPEG	3	2	55	55
val_2293.JPEG	0	0	63	63
val_59.JPEG	9	37	21	49
val_832.JPEG	9	5	57	63
val_5391.JPEG	4	0	50	46
val_2247.JPEG	4	18	53	47
val_2152.JPEG	0	0	63	63
val_1445.JPEG	18	13	55	46
val_4208.JPEG	0	11	63	60
val_1920.JPEG	2	10	63	62
val_605.JPEG	8	0	63	33
val_2165.JPEG	1	12	63	58
val_5075.JPEG	1	0	61	63
val_3429.JPEG	0	10	60	55
val_6697.JPEG	1	0	61	63
val_1837.JPEG	0	2	63	62
val_9923.JPEG	0	8	63	59
val_3335.JPEG	3	0	61	50
val_568.JPEG	19	1	61	31
val_8166.JPEG	0	1	55	63
val_6319.JPEG	7	2	63	63
val_9178.JPEG	0	4	63	57
val_2442.JPEG	3	3	51	35
val_3554.JPEG	9	0	59	63
val_1145.JPEG	20	0	47	59
val_3297.JPEG	8	5	63	63
val_8059.JPEG	1	6	62	61
val_3270.JPEG	15	21	59	49
val_2415.JPEG	8	0	61	60
val_9530.JPEG	4	5	58	63
val_959.JPEG	0	10	63	59
val_1128.JPEG	0	3	63	56
val_1362.JPEG	1	15	63	52
val_1347.JPEG	0	13	63	61
val_5398.JPEG	0	3	63	62
val_3946.JPEG	0	5	63	59
