n02793495_483.JPEG	0	5	63	52
n02793495_77.JPEG	30	38	63	54
n02793495_439.JPEG	12	7	63	39
n02793495_98.JPEG	27	10	63	56
n02793495_273.JPEG	16	15	63	53
n02793495_127.JPEG	0	4	63	51
n02793495_215.JPEG	16	18	63	54
n02793495_166.JPEG	0	20	29	43
n02793495_169.JPEG	16	14	63	54
n02793495_461.JPEG	33	30	59	44
n02793495_403.JPEG	53	33	63	41
n02793495_216.JPEG	17	11	63	56
n02793495_426.JPEG	10	21	35	33
n02793495_180.JPEG	3	9	63	55
n02793495_118.JPEG	7	7	61	59
n02793495_220.JPEG	0	9	61	52
n02793495_378.JPEG	7	9	59	46
n02793495_88.JPEG	1	12	60	53
n02793495_479.JPEG	12	36	63	62
n02793495_471.JPEG	0	25	63	56
n02793495_69.JPEG	0	7	59	57
n02793495_314.JPEG	0	12	57	56
n02793495_84.JPEG	63	50	63	56
n02793495_350.JPEG	0	18	50	45
n02793495_400.JPEG	12	20	50	38
n02793495_408.JPEG	0	8	63	47
n02793495_423.JPEG	0	23	58	52
n02793495_176.JPEG	0	6	63	50
n02793495_205.JPEG	0	7	63	52
n02793495_318.JPEG	3	0	61	61
n02793495_277.JPEG	0	21	63	53
n02793495_392.JPEG	2	17	63	63
n02793495_161.JPEG	12	19	59	42
n02793495_329.JPEG	12	0	63	63
n02793495_248.JPEG	0	37	34	63
n02793495_63.JPEG	0	37	29	51
n02793495_37.JPEG	0	16	44	43
n02793495_244.JPEG	42	31	60	41
n02793495_308.JPEG	1	4	63	63
n02793495_351.JPEG	7	18	63	47
n02793495_33.JPEG	25	22	63	39
n02793495_159.JPEG	8	24	63	50
n02793495_341.JPEG	0	11	49	60
n02793495_321.JPEG	0	9	63	50
n02793495_146.JPEG	0	1	63	62
n02793495_415.JPEG	20	22	54	48
n02793495_13.JPEG	0	14	63	55
n02793495_440.JPEG	0	16	63	52
n02793495_404.JPEG	11	19	63	55
n02793495_14.JPEG	9	14	36	36
n02793495_326.JPEG	23	30	63	49
n02793495_155.JPEG	24	26	52	39
n02793495_174.JPEG	0	11	63	51
n02793495_352.JPEG	1	17	63	46
n02793495_157.JPEG	0	26	27	63
n02793495_294.JPEG	5	28	63	58
n02793495_221.JPEG	12	24	45	44
n02793495_152.JPEG	25	19	63	54
n02793495_25.JPEG	1	17	34	29
n02793495_225.JPEG	7	11	63	45
n02793495_223.JPEG	0	14	63	59
n02793495_81.JPEG	17	39	45	52
n02793495_177.JPEG	0	9	63	41
n02793495_119.JPEG	15	36	37	58
n02793495_182.JPEG	0	14	63	53
n02793495_232.JPEG	15	19	57	52
n02793495_253.JPEG	0	11	62	49
n02793495_429.JPEG	0	17	48	56
n02793495_207.JPEG	0	26	38	38
n02793495_66.JPEG	5	18	59	62
n02793495_92.JPEG	0	14	63	53
n02793495_433.JPEG	21	19	44	33
n02793495_125.JPEG	15	22	63	42
n02793495_31.JPEG	0	9	63	47
n02793495_243.JPEG	7	15	63	40
n02793495_478.JPEG	31	8	63	36
n02793495_18.JPEG	0	2	63	51
n02793495_480.JPEG	15	2	63	39
n02793495_212.JPEG	1	40	37	54
n02793495_441.JPEG	0	5	63	62
n02793495_431.JPEG	0	3	63	62
n02793495_97.JPEG	0	20	36	37
n02793495_266.JPEG	15	14	63	37
n02793495_332.JPEG	0	26	30	54
n02793495_449.JPEG	0	1	63	39
n02793495_428.JPEG	0	0	63	54
n02793495_1.JPEG	9	17	56	60
n02793495_53.JPEG	4	29	33	43
n02793495_51.JPEG	7	13	63	52
n02793495_360.JPEG	3	11	47	54
n02793495_7.JPEG	6	16	63	42
n02793495_147.JPEG	0	13	63	51
n02793495_389.JPEG	16	42	43	54
n02793495_481.JPEG	0	7	63	47
n02793495_401.JPEG	13	36	56	54
n02793495_153.JPEG	18	10	40	23
n02793495_309.JPEG	3	30	34	48
n02793495_488.JPEG	0	2	51	51
n02793495_379.JPEG	17	10	63	32
n02793495_124.JPEG	1	7	56	44
n02793495_419.JPEG	0	27	46	63
n02793495_136.JPEG	0	29	38	39
n02793495_73.JPEG	0	7	63	54
n02793495_16.JPEG	0	6	63	60
n02793495_24.JPEG	36	35	56	50
n02793495_381.JPEG	0	12	63	46
n02793495_235.JPEG	0	19	63	53
n02793495_62.JPEG	1	2	63	56
n02793495_359.JPEG	13	27	28	38
n02793495_454.JPEG	0	9	51	61
n02793495_272.JPEG	0	5	63	58
n02793495_474.JPEG	0	22	19	54
n02793495_382.JPEG	0	15	63	45
n02793495_121.JPEG	26	4	63	45
n02793495_453.JPEG	0	9	63	59
n02793495_324.JPEG	0	3	63	57
n02793495_470.JPEG	26	29	61	51
n02793495_129.JPEG	13	21	63	50
n02793495_434.JPEG	8	4	63	53
n02793495_70.JPEG	4	4	63	50
n02793495_322.JPEG	0	13	43	62
n02793495_349.JPEG	19	32	57	52
n02793495_181.JPEG	0	25	35	43
n02793495_122.JPEG	0	3	9	49
n02793495_187.JPEG	36	18	63	51
n02793495_94.JPEG	0	0	63	61
n02793495_492.JPEG	0	30	38	54
n02793495_499.JPEG	42	22	61	31
n02793495_89.JPEG	0	17	48	51
n02793495_303.JPEG	22	22	39	30
n02793495_190.JPEG	16	17	63	53
n02793495_111.JPEG	0	1	63	63
n02793495_123.JPEG	25	8	63	39
n02793495_254.JPEG	0	16	59	46
n02793495_103.JPEG	0	14	63	46
n02793495_411.JPEG	0	6	38	24
n02793495_469.JPEG	0	19	34	48
n02793495_197.JPEG	10	42	41	55
n02793495_365.JPEG	4	16	28	27
n02793495_312.JPEG	30	19	63	52
n02793495_396.JPEG	0	8	63	46
n02793495_120.JPEG	5	1	44	30
n02793495_432.JPEG	0	11	20	30
n02793495_472.JPEG	0	21	63	53
n02793495_106.JPEG	0	21	63	59
n02793495_304.JPEG	0	18	28	34
n02793495_388.JPEG	0	3	63	51
n02793495_420.JPEG	11	18	51	46
n02793495_246.JPEG	44	23	63	42
n02793495_354.JPEG	31	17	63	39
n02793495_357.JPEG	0	15	35	34
n02793495_476.JPEG	0	4	63	63
n02793495_230.JPEG	4	41	42	57
n02793495_374.JPEG	1	20	46	50
n02793495_285.JPEG	12	37	45	55
n02793495_407.JPEG	0	20	52	53
n02793495_173.JPEG	7	9	54	45
n02793495_315.JPEG	0	0	63	63
n02793495_185.JPEG	20	13	63	43
n02793495_334.JPEG	0	0	63	38
n02793495_3.JPEG	0	23	63	48
n02793495_417.JPEG	0	13	63	51
n02793495_2.JPEG	0	30	35	56
n02793495_38.JPEG	5	45	51	63
n02793495_139.JPEG	4	6	63	60
n02793495_313.JPEG	23	31	63	50
n02793495_495.JPEG	0	23	56	52
n02793495_297.JPEG	18	15	45	25
n02793495_363.JPEG	0	10	63	53
n02793495_410.JPEG	28	19	63	41
n02793495_196.JPEG	4	19	63	63
n02793495_258.JPEG	3	7	60	59
n02793495_386.JPEG	0	14	63	25
n02793495_52.JPEG	0	3	63	58
n02793495_289.JPEG	5	18	60	52
n02793495_8.JPEG	0	24	63	60
n02793495_336.JPEG	11	29	63	53
n02793495_323.JPEG	0	17	63	63
n02793495_151.JPEG	7	37	63	58
n02793495_160.JPEG	0	26	63	56
n02793495_29.JPEG	0	1	63	55
n02793495_203.JPEG	0	25	63	54
n02793495_307.JPEG	21	29	63	49
n02793495_210.JPEG	2	13	52	54
n02793495_281.JPEG	5	22	63	63
n02793495_414.JPEG	6	10	58	44
n02793495_19.JPEG	0	5	51	63
n02793495_110.JPEG	22	39	53	55
n02793495_279.JPEG	2	29	50	58
n02793495_240.JPEG	1	6	41	31
n02793495_115.JPEG	0	26	63	61
n02793495_300.JPEG	11	2	63	56
n02793495_327.JPEG	53	24	63	40
n02793495_233.JPEG	11	8	62	53
n02793495_26.JPEG	0	20	51	60
n02793495_485.JPEG	0	8	57	43
n02793495_259.JPEG	12	16	63	53
n02793495_172.JPEG	1	17	44	46
n02793495_20.JPEG	17	27	59	56
n02793495_209.JPEG	0	30	26	54
n02793495_310.JPEG	0	21	42	58
n02793495_58.JPEG	37	36	56	47
n02793495_168.JPEG	3	13	63	58
n02793495_489.JPEG	28	27	63	57
n02793495_319.JPEG	0	14	39	59
n02793495_251.JPEG	0	9	62	41
n02793495_131.JPEG	0	1	58	58
n02793495_217.JPEG	16	34	63	54
n02793495_71.JPEG	18	29	48	40
n02793495_211.JPEG	27	35	47	50
n02793495_241.JPEG	0	20	63	50
n02793495_107.JPEG	21	25	60	46
n02793495_252.JPEG	5	22	62	54
n02793495_188.JPEG	0	38	48	52
n02793495_218.JPEG	0	5	63	57
n02793495_228.JPEG	0	4	63	59
n02793495_442.JPEG	0	20	63	56
n02793495_338.JPEG	21	21	48	37
n02793495_369.JPEG	0	15	63	51
n02793495_195.JPEG	14	17	63	45
n02793495_117.JPEG	0	21	44	55
n02793495_444.JPEG	0	31	58	61
n02793495_22.JPEG	10	40	19	46
n02793495_278.JPEG	4	29	52	57
n02793495_298.JPEG	20	15	61	40
n02793495_0.JPEG	10	25	59	43
n02793495_36.JPEG	0	13	63	44
n02793495_91.JPEG	1	7	63	39
n02793495_362.JPEG	0	23	24	38
n02793495_165.JPEG	37	16	63	57
n02793495_394.JPEG	5	6	56	37
n02793495_364.JPEG	0	7	63	45
n02793495_5.JPEG	7	20	56	49
n02793495_23.JPEG	0	6	63	60
n02793495_486.JPEG	7	29	27	37
n02793495_75.JPEG	0	13	11	42
n02793495_86.JPEG	0	21	37	42
n02793495_443.JPEG	0	9	63	59
n02793495_201.JPEG	10	22	53	46
n02793495_214.JPEG	0	15	63	51
n02793495_167.JPEG	5	19	60	46
n02793495_76.JPEG	0	9	63	28
n02793495_438.JPEG	1	36	38	56
n02793495_458.JPEG	16	25	63	52
n02793495_35.JPEG	25	43	59	63
n02793495_198.JPEG	22	20	63	52
n02793495_335.JPEG	0	18	61	51
n02793495_46.JPEG	13	19	56	38
n02793495_61.JPEG	0	11	63	46
n02793495_67.JPEG	1	1	63	33
n02793495_299.JPEG	24	20	63	56
n02793495_104.JPEG	7	13	63	41
n02793495_213.JPEG	0	11	32	41
n02793495_377.JPEG	27	0	63	63
n02793495_234.JPEG	23	5	52	22
n02793495_68.JPEG	40	0	63	57
n02793495_132.JPEG	0	14	63	56
n02793495_149.JPEG	47	37	63	56
n02793495_9.JPEG	0	30	49	52
n02793495_463.JPEG	5	22	52	43
n02793495_424.JPEG	6	0	63	63
n02793495_387.JPEG	0	8	49	56
n02793495_49.JPEG	0	5	63	57
n02793495_4.JPEG	1	20	60	46
n02793495_83.JPEG	0	18	30	41
n02793495_343.JPEG	0	16	63	47
n02793495_72.JPEG	0	3	62	60
n02793495_446.JPEG	0	26	42	46
n02793495_142.JPEG	0	1	63	63
n02793495_282.JPEG	0	7	63	47
n02793495_208.JPEG	0	12	63	51
n02793495_222.JPEG	31	7	58	29
n02793495_194.JPEG	0	35	51	55
n02793495_143.JPEG	0	29	63	56
n02793495_54.JPEG	0	14	59	52
n02793495_464.JPEG	0	26	39	56
n02793495_493.JPEG	0	22	63	46
n02793495_175.JPEG	0	10	63	59
n02793495_283.JPEG	0	25	42	50
n02793495_276.JPEG	0	25	63	56
n02793495_345.JPEG	1	18	37	32
n02793495_371.JPEG	0	2	63	56
n02793495_57.JPEG	14	37	34	58
n02793495_130.JPEG	12	16	63	51
n02793495_260.JPEG	5	19	63	60
n02793495_311.JPEG	0	2	63	60
n02793495_376.JPEG	23	15	63	46
n02793495_108.JPEG	11	14	63	49
n02793495_280.JPEG	31	8	60	29
n02793495_393.JPEG	0	7	44	35
n02793495_126.JPEG	0	24	45	58
n02793495_333.JPEG	0	1	63	35
n02793495_154.JPEG	0	7	38	27
n02793495_301.JPEG	24	31	45	47
n02793495_320.JPEG	14	19	58	45
n02793495_375.JPEG	1	3	63	44
n02793495_337.JPEG	16	23	63	51
n02793495_340.JPEG	0	24	41	48
n02793495_346.JPEG	0	4	63	54
n02793495_275.JPEG	0	5	63	59
n02793495_164.JPEG	6	3	60	50
n02793495_399.JPEG	0	31	48	57
n02793495_475.JPEG	36	32	63	49
n02793495_80.JPEG	0	13	63	51
n02793495_42.JPEG	0	4	63	57
n02793495_468.JPEG	0	10	61	46
n02793495_288.JPEG	11	23	63	54
n02793495_144.JPEG	1	2	63	47
n02793495_17.JPEG	7	33	32	42
n02793495_238.JPEG	19	13	63	43
n02793495_398.JPEG	23	26	55	43
n02793495_162.JPEG	19	21	63	48
n02793495_11.JPEG	0	34	63	54
n02793495_306.JPEG	0	17	63	51
n02793495_245.JPEG	0	4	63	55
n02793495_427.JPEG	7	24	44	55
n02793495_451.JPEG	0	16	63	50
n02793495_101.JPEG	0	14	62	62
n02793495_293.JPEG	0	34	47	61
n02793495_430.JPEG	30	3	63	30
n02793495_339.JPEG	0	8	63	57
n02793495_156.JPEG	2	17	62	63
n02793495_356.JPEG	20	26	63	49
n02793495_422.JPEG	12	20	63	47
n02793495_445.JPEG	0	32	8	37
n02793495_257.JPEG	4	16	63	51
n02793495_353.JPEG	0	5	62	47
n02793495_50.JPEG	24	17	63	37
n02793495_412.JPEG	0	14	63	48
n02793495_344.JPEG	0	2	63	61
n02793495_291.JPEG	9	17	63	46
n02793495_27.JPEG	3	14	63	45
n02793495_138.JPEG	0	14	63	56
n02793495_82.JPEG	28	35	55	51
n02793495_231.JPEG	27	36	63	56
n02793495_395.JPEG	22	22	63	59
n02793495_200.JPEG	0	8	63	60
n02793495_113.JPEG	11	10	52	47
n02793495_302.JPEG	11	24	39	37
n02793495_383.JPEG	0	7	63	60
n02793495_498.JPEG	2	10	63	45
n02793495_171.JPEG	0	23	63	60
n02793495_30.JPEG	16	18	63	60
n02793495_199.JPEG	0	18	61	56
n02793495_28.JPEG	18	21	60	44
n02793495_325.JPEG	0	15	61	50
n02793495_456.JPEG	26	16	63	63
n02793495_140.JPEG	0	0	63	63
n02793495_78.JPEG	0	8	35	54
n02793495_65.JPEG	5	9	62	54
val_8485.JPEG	1	18	32	35
val_2093.JPEG	0	23	56	50
val_6420.JPEG	0	18	62	54
val_6643.JPEG	0	7	63	58
val_3781.JPEG	0	4	63	55
val_6744.JPEG	8	0	63	36
val_213.JPEG	1	0	56	44
val_7376.JPEG	0	3	63	60
val_3855.JPEG	0	11	63	54
val_1328.JPEG	9	28	55	52
val_9093.JPEG	8	25	37	40
val_58.JPEG	0	12	63	60
val_740.JPEG	0	28	41	50
val_1517.JPEG	20	17	63	52
val_3662.JPEG	0	1	34	46
val_288.JPEG	0	5	63	47
val_2211.JPEG	10	32	63	56
val_8405.JPEG	0	23	63	56
val_8219.JPEG	3	25	36	47
val_3969.JPEG	2	1	55	26
val_210.JPEG	35	4	63	59
val_2453.JPEG	1	23	57	42
val_9738.JPEG	8	28	39	39
val_206.JPEG	23	13	53	30
val_2806.JPEG	0	13	63	56
val_556.JPEG	14	16	58	35
val_6983.JPEG	9	30	54	54
val_3350.JPEG	0	27	57	53
val_7884.JPEG	2	21	49	58
val_5487.JPEG	9	18	37	28
val_1536.JPEG	0	13	59	63
val_6342.JPEG	2	12	62	45
val_5276.JPEG	3	11	44	42
val_3633.JPEG	0	9	58	59
val_5469.JPEG	0	9	63	50
