n07875152_425.JPEG	31	1	63	49
n07875152_498.JPEG	0	19	63	63
n07875152_470.JPEG	4	12	57	49
n07875152_114.JPEG	3	8	55	51
n07875152_381.JPEG	7	15	62	41
n07875152_143.JPEG	0	1	63	57
n07875152_119.JPEG	0	7	63	59
n07875152_222.JPEG	0	1	61	46
n07875152_361.JPEG	1	0	63	63
n07875152_63.JPEG	0	8	63	49
n07875152_218.JPEG	0	15	63	50
n07875152_2.JPEG	0	0	63	62
n07875152_244.JPEG	0	0	63	63
n07875152_139.JPEG	0	4	56	58
n07875152_293.JPEG	0	3	63	50
n07875152_87.JPEG	0	14	55	50
n07875152_499.JPEG	6	1	63	58
n07875152_116.JPEG	0	0	63	63
n07875152_32.JPEG	19	10	56	30
n07875152_283.JPEG	0	0	63	56
n07875152_480.JPEG	0	0	63	63
n07875152_122.JPEG	0	9	63	51
n07875152_357.JPEG	0	6	63	55
n07875152_96.JPEG	0	4	63	62
n07875152_314.JPEG	0	10	63	60
n07875152_157.JPEG	5	17	54	47
n07875152_110.JPEG	2	10	63	50
n07875152_49.JPEG	5	7	56	43
n07875152_391.JPEG	34	20	63	63
n07875152_86.JPEG	0	1	63	59
n07875152_445.JPEG	0	8	63	55
n07875152_62.JPEG	13	19	59	49
n07875152_93.JPEG	2	12	61	48
n07875152_83.JPEG	0	0	63	63
n07875152_369.JPEG	11	6	63	35
n07875152_491.JPEG	0	2	63	63
n07875152_479.JPEG	0	11	43	60
n07875152_113.JPEG	0	1	63	63
n07875152_50.JPEG	0	4	63	63
n07875152_436.JPEG	0	5	63	63
n07875152_129.JPEG	15	36	62	63
n07875152_97.JPEG	0	0	63	49
n07875152_405.JPEG	0	8	63	59
n07875152_6.JPEG	0	0	63	63
n07875152_329.JPEG	0	17	63	63
n07875152_213.JPEG	29	14	61	47
n07875152_140.JPEG	0	0	63	53
n07875152_338.JPEG	12	1	63	31
n07875152_410.JPEG	0	1	63	63
n07875152_339.JPEG	0	13	63	63
n07875152_453.JPEG	0	9	63	53
n07875152_354.JPEG	0	7	63	61
n07875152_486.JPEG	4	17	59	45
n07875152_380.JPEG	6	5	63	57
n07875152_447.JPEG	0	6	63	60
n07875152_51.JPEG	0	10	63	60
n07875152_128.JPEG	0	15	62	63
n07875152_474.JPEG	0	14	63	60
n07875152_421.JPEG	7	17	54	55
n07875152_151.JPEG	4	2	63	59
n07875152_439.JPEG	0	0	63	60
n07875152_331.JPEG	1	14	57	53
n07875152_118.JPEG	0	1	63	63
n07875152_55.JPEG	0	18	32	45
n07875152_426.JPEG	0	13	63	59
n07875152_270.JPEG	0	5	63	43
n07875152_308.JPEG	46	0	63	35
n07875152_144.JPEG	0	0	53	60
n07875152_386.JPEG	7	0	63	63
n07875152_392.JPEG	10	42	58	63
n07875152_288.JPEG	0	1	63	63
n07875152_184.JPEG	0	2	63	58
n07875152_471.JPEG	1	6	63	60
n07875152_489.JPEG	0	5	63	57
n07875152_446.JPEG	0	7	63	52
n07875152_105.JPEG	3	1	63	63
n07875152_37.JPEG	0	11	51	63
n07875152_210.JPEG	0	12	63	59
n07875152_41.JPEG	5	11	63	63
n07875152_294.JPEG	0	1	63	62
n07875152_320.JPEG	0	0	63	63
n07875152_232.JPEG	0	3	63	54
n07875152_420.JPEG	1	8	57	51
n07875152_149.JPEG	6	7	63	62
n07875152_345.JPEG	1	13	63	51
n07875152_248.JPEG	0	1	63	63
n07875152_434.JPEG	0	4	63	59
n07875152_38.JPEG	0	1	63	63
n07875152_180.JPEG	0	0	63	63
n07875152_167.JPEG	0	6	63	63
n07875152_352.JPEG	0	7	63	63
n07875152_175.JPEG	0	2	63	56
n07875152_302.JPEG	2	0	63	63
n07875152_177.JPEG	1	0	63	58
n07875152_243.JPEG	41	21	63	44
n07875152_223.JPEG	0	0	60	60
n07875152_117.JPEG	0	1	63	63
n07875152_71.JPEG	0	13	63	50
n07875152_303.JPEG	2	2	57	53
n07875152_131.JPEG	0	6	63	52
n07875152_315.JPEG	0	1	63	61
n07875152_478.JPEG	13	6	63	54
n07875152_313.JPEG	1	9	63	61
n07875152_286.JPEG	0	5	63	49
n07875152_237.JPEG	0	1	63	63
n07875152_297.JPEG	0	1	63	46
n07875152_209.JPEG	0	1	63	63
n07875152_353.JPEG	0	10	60	45
n07875152_104.JPEG	0	1	63	63
n07875152_33.JPEG	0	0	63	63
n07875152_220.JPEG	0	3	63	63
n07875152_249.JPEG	1	4	63	58
n07875152_201.JPEG	0	4	63	57
n07875152_106.JPEG	7	0	63	63
n07875152_16.JPEG	0	0	58	63
n07875152_58.JPEG	0	1	63	46
n07875152_337.JPEG	2	1	63	49
n07875152_362.JPEG	3	5	63	38
n07875152_98.JPEG	0	0	63	63
n07875152_7.JPEG	0	1	63	63
n07875152_75.JPEG	0	9	63	57
n07875152_240.JPEG	3	6	63	59
n07875152_257.JPEG	0	4	62	63
n07875152_182.JPEG	18	38	58	63
n07875152_145.JPEG	0	4	63	63
n07875152_163.JPEG	0	0	62	63
n07875152_349.JPEG	0	0	63	63
n07875152_304.JPEG	0	4	53	42
n07875152_359.JPEG	0	1	63	58
n07875152_89.JPEG	0	1	63	63
n07875152_72.JPEG	0	1	63	63
n07875152_355.JPEG	0	1	63	63
n07875152_334.JPEG	0	2	63	62
n07875152_448.JPEG	0	19	55	54
n07875152_335.JPEG	11	9	63	55
n07875152_256.JPEG	10	13	63	63
n07875152_174.JPEG	0	18	63	54
n07875152_53.JPEG	3	3	63	41
n07875152_468.JPEG	5	10	63	60
n07875152_91.JPEG	0	3	63	63
n07875152_280.JPEG	0	0	63	63
n07875152_254.JPEG	0	17	39	57
n07875152_166.JPEG	0	19	59	60
n07875152_402.JPEG	1	2	60	57
n07875152_325.JPEG	0	0	62	54
n07875152_92.JPEG	0	2	63	53
n07875152_441.JPEG	0	1	63	38
n07875152_376.JPEG	0	14	49	51
n07875152_395.JPEG	0	27	63	63
n07875152_186.JPEG	0	12	63	63
n07875152_382.JPEG	0	1	63	63
n07875152_34.JPEG	0	1	63	62
n07875152_306.JPEG	0	4	63	63
n07875152_79.JPEG	0	1	63	63
n07875152_233.JPEG	12	5	63	37
n07875152_424.JPEG	9	21	55	52
n07875152_26.JPEG	0	10	63	58
n07875152_115.JPEG	0	0	63	61
n07875152_261.JPEG	0	1	63	63
n07875152_78.JPEG	0	13	63	63
n07875152_130.JPEG	0	6	63	63
n07875152_141.JPEG	0	14	43	60
n07875152_341.JPEG	0	4	63	63
n07875152_366.JPEG	0	7	63	58
n07875152_473.JPEG	0	0	63	63
n07875152_65.JPEG	2	5	62	34
n07875152_336.JPEG	0	1	63	63
n07875152_272.JPEG	4	7	63	53
n07875152_10.JPEG	0	0	63	49
n07875152_318.JPEG	0	1	63	60
n07875152_476.JPEG	9	25	57	51
n07875152_422.JPEG	0	0	63	63
n07875152_358.JPEG	1	3	63	55
n07875152_269.JPEG	0	16	63	52
n07875152_451.JPEG	0	1	63	48
n07875152_438.JPEG	6	6	63	53
n07875152_212.JPEG	0	1	63	53
n07875152_298.JPEG	3	7	63	63
n07875152_3.JPEG	1	2	63	62
n07875152_226.JPEG	0	0	63	63
n07875152_250.JPEG	0	7	63	61
n07875152_219.JPEG	0	9	63	62
n07875152_495.JPEG	0	1	63	63
n07875152_440.JPEG	0	4	63	63
n07875152_17.JPEG	0	13	58	59
n07875152_48.JPEG	0	13	62	63
n07875152_398.JPEG	0	0	48	50
n07875152_164.JPEG	0	21	37	52
n07875152_221.JPEG	0	4	63	56
n07875152_120.JPEG	0	0	63	63
n07875152_377.JPEG	0	0	63	63
n07875152_496.JPEG	5	29	63	61
n07875152_351.JPEG	0	1	63	63
n07875152_235.JPEG	1	7	63	60
n07875152_60.JPEG	0	1	63	63
n07875152_427.JPEG	0	12	63	54
n07875152_127.JPEG	0	0	63	63
n07875152_271.JPEG	0	11	63	58
n07875152_123.JPEG	0	0	63	63
n07875152_469.JPEG	1	0	63	41
n07875152_461.JPEG	0	7	63	58
n07875152_253.JPEG	0	4	63	57
n07875152_255.JPEG	0	1	63	60
n07875152_19.JPEG	0	6	63	57
n07875152_431.JPEG	0	3	63	63
n07875152_371.JPEG	0	15	63	58
n07875152_42.JPEG	2	5	63	61
n07875152_173.JPEG	25	24	63	63
n07875152_155.JPEG	21	14	63	53
n07875152_390.JPEG	6	4	63	32
n07875152_300.JPEG	0	3	59	60
n07875152_418.JPEG	9	0	62	52
n07875152_466.JPEG	0	2	63	63
n07875152_190.JPEG	0	3	63	59
n07875152_74.JPEG	3	2	61	54
n07875152_275.JPEG	0	17	50	47
n07875152_245.JPEG	6	4	63	59
n07875152_488.JPEG	0	17	63	50
n07875152_47.JPEG	10	4	53	26
n07875152_277.JPEG	0	4	63	59
n07875152_477.JPEG	0	6	58	53
n07875152_15.JPEG	3	20	63	63
n07875152_411.JPEG	0	11	52	59
n07875152_430.JPEG	0	4	62	62
n07875152_216.JPEG	0	4	63	54
n07875152_40.JPEG	11	10	59	53
n07875152_412.JPEG	0	0	63	63
n07875152_482.JPEG	0	11	38	59
n07875152_66.JPEG	0	13	45	53
n07875152_238.JPEG	0	2	63	63
n07875152_77.JPEG	0	7	63	54
n07875152_225.JPEG	0	3	63	60
n07875152_23.JPEG	0	0	50	63
n07875152_328.JPEG	0	1	63	57
n07875152_194.JPEG	1	0	60	42
n07875152_126.JPEG	0	3	50	54
n07875152_1.JPEG	0	1	63	63
n07875152_136.JPEG	6	2	63	54
n07875152_146.JPEG	2	2	62	62
n07875152_281.JPEG	1	0	61	46
n07875152_57.JPEG	0	12	63	59
n07875152_472.JPEG	0	2	63	52
n07875152_454.JPEG	5	7	63	61
n07875152_39.JPEG	0	3	63	62
n07875152_179.JPEG	0	4	63	53
n07875152_449.JPEG	0	1	63	63
n07875152_178.JPEG	0	3	63	63
n07875152_183.JPEG	0	7	63	61
n07875152_324.JPEG	9	19	63	63
n07875152_102.JPEG	0	0	63	63
n07875152_108.JPEG	1	4	51	35
n07875152_347.JPEG	0	3	58	61
n07875152_27.JPEG	0	13	63	57
n07875152_215.JPEG	0	1	63	63
n07875152_332.JPEG	0	17	44	45
n07875152_452.JPEG	4	20	63	55
n07875152_406.JPEG	4	11	61	55
n07875152_372.JPEG	11	23	60	45
n07875152_132.JPEG	0	0	63	38
n07875152_95.JPEG	0	5	63	63
n07875152_327.JPEG	0	0	63	63
n07875152_52.JPEG	3	19	63	48
n07875152_383.JPEG	3	2	50	55
n07875152_22.JPEG	0	1	63	63
n07875152_76.JPEG	0	1	63	63
n07875152_99.JPEG	0	1	63	63
n07875152_264.JPEG	0	11	63	40
n07875152_333.JPEG	1	0	63	58
n07875152_80.JPEG	9	0	63	63
n07875152_94.JPEG	0	1	62	55
n07875152_156.JPEG	0	1	63	48
n07875152_46.JPEG	3	12	63	63
n07875152_497.JPEG	0	0	63	55
n07875152_284.JPEG	7	0	55	63
n07875152_258.JPEG	10	11	55	48
n07875152_154.JPEG	0	2	63	63
n07875152_356.JPEG	0	0	63	63
n07875152_348.JPEG	0	6	35	42
n07875152_364.JPEG	0	0	63	63
n07875152_133.JPEG	0	0	63	52
n07875152_35.JPEG	0	0	63	63
n07875152_289.JPEG	0	0	63	63
n07875152_252.JPEG	11	19	47	46
n07875152_206.JPEG	0	9	63	63
n07875152_312.JPEG	0	9	63	63
n07875152_360.JPEG	0	7	63	63
n07875152_483.JPEG	2	8	63	54
n07875152_415.JPEG	0	0	63	63
n07875152_326.JPEG	0	0	63	56
n07875152_374.JPEG	6	22	63	63
n07875152_208.JPEG	0	10	63	63
n07875152_107.JPEG	0	1	63	51
n07875152_419.JPEG	0	0	63	62
n07875152_121.JPEG	0	3	63	63
n07875152_311.JPEG	0	6	63	56
n07875152_268.JPEG	0	1	63	63
n07875152_259.JPEG	7	12	63	49
n07875152_416.JPEG	0	1	63	63
n07875152_81.JPEG	3	0	63	63
n07875152_290.JPEG	0	0	63	63
n07875152_88.JPEG	18	19	45	36
n07875152_305.JPEG	12	8	63	56
n07875152_397.JPEG	0	0	63	63
n07875152_165.JPEG	5	17	63	58
n07875152_29.JPEG	0	0	63	63
n07875152_54.JPEG	37	48	58	63
n07875152_111.JPEG	0	29	41	63
n07875152_435.JPEG	2	8	56	63
n07875152_319.JPEG	0	0	63	63
n07875152_457.JPEG	0	0	63	63
n07875152_378.JPEG	0	1	63	63
n07875152_12.JPEG	0	1	63	63
n07875152_200.JPEG	25	2	63	59
n07875152_321.JPEG	0	1	63	63
n07875152_13.JPEG	5	3	63	54
n07875152_403.JPEG	1	13	60	52
n07875152_299.JPEG	25	6	63	44
n07875152_287.JPEG	5	15	62	50
n07875152_234.JPEG	5	11	55	53
n07875152_443.JPEG	0	3	63	63
n07875152_346.JPEG	0	9	63	54
n07875152_414.JPEG	0	5	63	62
n07875152_202.JPEG	5	0	63	62
n07875152_28.JPEG	0	3	63	60
n07875152_207.JPEG	6	10	63	63
n07875152_150.JPEG	2	4	63	60
n07875152_266.JPEG	4	2	61	54
n07875152_61.JPEG	0	9	63	51
n07875152_0.JPEG	0	7	63	63
n07875152_90.JPEG	0	1	58	57
n07875152_197.JPEG	0	1	41	63
n07875152_187.JPEG	10	11	57	54
n07875152_30.JPEG	0	4	63	63
n07875152_437.JPEG	0	1	63	62
n07875152_204.JPEG	1	2	63	63
n07875152_152.JPEG	0	0	63	63
n07875152_394.JPEG	6	3	63	63
n07875152_31.JPEG	0	0	63	63
n07875152_455.JPEG	0	7	63	46
n07875152_409.JPEG	0	1	63	63
n07875152_292.JPEG	0	19	63	55
n07875152_323.JPEG	6	7	63	55
n07875152_109.JPEG	1	6	62	54
n07875152_25.JPEG	0	0	63	63
n07875152_399.JPEG	0	3	63	55
n07875152_389.JPEG	0	5	61	63
n07875152_236.JPEG	14	12	56	41
n07875152_188.JPEG	0	6	63	60
n07875152_458.JPEG	0	2	63	49
n07875152_189.JPEG	0	1	63	63
val_8204.JPEG	0	0	63	63
val_1973.JPEG	1	39	62	63
val_1094.JPEG	1	21	42	54
val_8334.JPEG	0	2	63	47
val_8046.JPEG	4	14	62	43
val_7361.JPEG	17	31	63	63
val_1732.JPEG	0	0	63	63
val_5734.JPEG	0	1	63	63
val_5366.JPEG	8	6	59	38
val_4740.JPEG	0	0	63	63
val_2984.JPEG	15	0	63	32
val_3565.JPEG	0	8	63	61
val_7284.JPEG	0	14	63	63
val_5258.JPEG	1	0	63	56
val_9779.JPEG	34	4	63	50
val_8543.JPEG	0	0	63	63
val_6844.JPEG	0	4	63	63
val_2851.JPEG	0	8	63	60
val_4583.JPEG	0	5	59	57
val_1026.JPEG	0	8	63	61
val_4920.JPEG	0	2	63	63
val_3236.JPEG	17	6	53	34
val_6809.JPEG	5	5	63	63
val_5889.JPEG	0	3	63	62
val_5629.JPEG	0	6	63	56
val_4249.JPEG	0	11	63	63
val_4984.JPEG	0	1	56	55
val_4211.JPEG	0	10	63	63
val_2198.JPEG	0	6	63	57
val_2768.JPEG	0	3	63	37
val_6487.JPEG	0	8	63	56
val_4201.JPEG	7	5	63	41
val_4484.JPEG	0	24	63	55
val_8608.JPEG	0	0	63	63
val_6992.JPEG	13	11	53	53
