n04532106_94.JPEG	2	0	63	63
n04532106_421.JPEG	19	13	44	60
n04532106_327.JPEG	30	0	62	63
n04532106_206.JPEG	29	20	53	61
n04532106_212.JPEG	7	25	59	63
n04532106_343.JPEG	0	1	63	63
n04532106_310.JPEG	25	18	42	55
n04532106_182.JPEG	23	23	35	52
n04532106_350.JPEG	0	1	63	63
n04532106_41.JPEG	12	0	54	63
n04532106_30.JPEG	1	0	63	63
n04532106_464.JPEG	2	0	63	63
n04532106_4.JPEG	19	10	43	63
n04532106_357.JPEG	1	4	63	63
n04532106_266.JPEG	9	1	47	63
n04532106_442.JPEG	2	32	63	63
n04532106_405.JPEG	1	11	63	63
n04532106_84.JPEG	14	6	35	50
n04532106_482.JPEG	18	13	43	63
n04532106_264.JPEG	0	0	63	63
n04532106_395.JPEG	0	28	63	63
n04532106_334.JPEG	1	24	61	63
n04532106_400.JPEG	19	28	34	52
n04532106_194.JPEG	1	27	56	63
n04532106_362.JPEG	26	38	40	63
n04532106_183.JPEG	1	20	25	63
n04532106_289.JPEG	3	0	58	63
n04532106_217.JPEG	7	0	59	63
n04532106_38.JPEG	2	25	24	63
n04532106_192.JPEG	2	4	52	63
n04532106_121.JPEG	0	5	0	63
n04532106_6.JPEG	2	0	61	63
n04532106_372.JPEG	0	9	34	63
n04532106_168.JPEG	27	0	63	63
n04532106_117.JPEG	32	4	63	61
n04532106_317.JPEG	6	1	60	63
n04532106_61.JPEG	0	3	48	63
n04532106_441.JPEG	0	28	63	63
n04532106_463.JPEG	0	27	63	63
n04532106_181.JPEG	7	16	58	63
n04532106_59.JPEG	11	0	51	63
n04532106_165.JPEG	16	7	52	63
n04532106_195.JPEG	26	24	41	37
n04532106_92.JPEG	0	0	63	63
n04532106_379.JPEG	6	1	55	63
n04532106_460.JPEG	19	13	50	63
n04532106_160.JPEG	32	9	50	46
n04532106_25.JPEG	6	9	49	63
n04532106_147.JPEG	11	12	44	63
n04532106_233.JPEG	12	23	63	63
n04532106_345.JPEG	23	27	40	63
n04532106_205.JPEG	2	0	63	63
n04532106_74.JPEG	3	0	60	63
n04532106_229.JPEG	16	6	45	63
n04532106_297.JPEG	4	15	57	63
n04532106_86.JPEG	25	11	49	63
n04532106_398.JPEG	14	0	49	63
n04532106_447.JPEG	17	0	46	63
n04532106_275.JPEG	16	11	53	63
n04532106_258.JPEG	5	0	45	58
n04532106_315.JPEG	5	0	58	63
n04532106_411.JPEG	17	9	53	63
n04532106_103.JPEG	11	23	61	63
n04532106_286.JPEG	14	5	52	63
n04532106_75.JPEG	0	12	63	63
n04532106_244.JPEG	18	35	29	56
n04532106_7.JPEG	5	35	22	63
n04532106_249.JPEG	0	2	63	63
n04532106_53.JPEG	20	21	44	63
n04532106_270.JPEG	14	19	50	63
n04532106_396.JPEG	0	45	63	63
n04532106_241.JPEG	9	15	63	63
n04532106_477.JPEG	0	7	63	63
n04532106_24.JPEG	18	51	52	63
n04532106_393.JPEG	0	15	63	63
n04532106_274.JPEG	6	11	54	63
n04532106_397.JPEG	1	0	63	63
n04532106_489.JPEG	0	0	63	63
n04532106_47.JPEG	0	18	38	63
n04532106_112.JPEG	14	0	44	63
n04532106_325.JPEG	7	5	60	59
n04532106_483.JPEG	12	6	51	63
n04532106_201.JPEG	0	15	56	63
n04532106_18.JPEG	1	0	63	63
n04532106_93.JPEG	2	3	30	50
n04532106_321.JPEG	34	52	51	63
n04532106_238.JPEG	18	13	47	63
n04532106_37.JPEG	0	0	63	63
n04532106_239.JPEG	9	23	48	63
n04532106_68.JPEG	0	0	63	63
n04532106_269.JPEG	21	27	38	44
n04532106_8.JPEG	0	12	30	63
n04532106_435.JPEG	1	28	59	58
n04532106_151.JPEG	38	5	63	63
n04532106_116.JPEG	22	0	53	63
n04532106_432.JPEG	6	0	60	63
n04532106_21.JPEG	21	23	52	63
n04532106_377.JPEG	1	27	52	63
n04532106_359.JPEG	0	17	63	63
n04532106_448.JPEG	2	0	23	41
n04532106_97.JPEG	34	18	53	63
n04532106_255.JPEG	0	15	63	63
n04532106_443.JPEG	0	28	34	63
n04532106_433.JPEG	16	23	60	63
n04532106_157.JPEG	1	9	63	63
n04532106_235.JPEG	5	33	63	63
n04532106_155.JPEG	1	0	63	63
n04532106_394.JPEG	5	0	59	63
n04532106_5.JPEG	2	0	62	63
n04532106_495.JPEG	1	0	62	63
n04532106_174.JPEG	7	12	31	59
n04532106_226.JPEG	1	0	63	63
n04532106_142.JPEG	0	0	13	63
n04532106_15.JPEG	3	0	60	63
n04532106_363.JPEG	1	20	52	63
n04532106_401.JPEG	15	0	51	63
n04532106_347.JPEG	18	6	46	58
n04532106_32.JPEG	13	0	49	63
n04532106_108.JPEG	23	5	44	62
n04532106_73.JPEG	8	5	57	63
n04532106_304.JPEG	24	8	47	56
n04532106_166.JPEG	31	27	54	63
n04532106_399.JPEG	9	0	48	55
n04532106_13.JPEG	1	0	63	63
n04532106_446.JPEG	12	0	53	63
n04532106_33.JPEG	15	6	63	63
n04532106_419.JPEG	27	17	49	63
n04532106_42.JPEG	0	0	63	63
n04532106_439.JPEG	0	23	63	63
n04532106_455.JPEG	19	10	48	63
n04532106_361.JPEG	1	0	61	63
n04532106_113.JPEG	21	28	40	59
n04532106_410.JPEG	9	0	46	63
n04532106_78.JPEG	21	14	61	63
n04532106_66.JPEG	18	21	54	63
n04532106_308.JPEG	23	26	45	63
n04532106_449.JPEG	27	12	59	61
n04532106_185.JPEG	33	8	56	63
n04532106_324.JPEG	10	0	52	63
n04532106_137.JPEG	21	21	45	63
n04532106_415.JPEG	0	17	15	63
n04532106_488.JPEG	15	4	59	63
n04532106_406.JPEG	4	0	62	63
n04532106_77.JPEG	0	28	63	63
n04532106_190.JPEG	0	2	63	61
n04532106_243.JPEG	0	6	63	63
n04532106_358.JPEG	15	1	46	56
n04532106_170.JPEG	1	21	48	63
n04532106_23.JPEG	11	0	58	63
n04532106_204.JPEG	29	49	59	63
n04532106_298.JPEG	16	11	46	63
n04532106_45.JPEG	17	5	47	61
n04532106_172.JPEG	12	0	53	63
n04532106_305.JPEG	12	12	52	37
n04532106_159.JPEG	2	0	63	63
n04532106_109.JPEG	0	0	63	47
n04532106_413.JPEG	0	1	63	63
n04532106_299.JPEG	1	0	63	63
n04532106_284.JPEG	15	8	46	63
n04532106_314.JPEG	2	0	59	63
n04532106_96.JPEG	6	0	61	63
n04532106_384.JPEG	13	0	50	63
n04532106_267.JPEG	11	0	61	63
n04532106_57.JPEG	8	26	59	63
n04532106_252.JPEG	26	25	44	54
n04532106_366.JPEG	3	0	62	63
n04532106_277.JPEG	2	0	59	63
n04532106_480.JPEG	11	0	56	63
n04532106_387.JPEG	0	13	63	63
n04532106_425.JPEG	9	0	47	63
n04532106_440.JPEG	2	0	62	63
n04532106_126.JPEG	14	0	55	63
n04532106_475.JPEG	14	0	54	63
n04532106_346.JPEG	3	0	49	63
n04532106_354.JPEG	21	0	37	30
n04532106_403.JPEG	24	15	60	63
n04532106_129.JPEG	0	15	15	63
n04532106_382.JPEG	0	16	46	63
n04532106_209.JPEG	1	6	62	61
n04532106_268.JPEG	0	3	63	63
n04532106_63.JPEG	3	0	62	63
n04532106_242.JPEG	11	12	48	60
n04532106_128.JPEG	0	2	63	63
n04532106_87.JPEG	7	19	59	63
n04532106_220.JPEG	19	23	43	46
n04532106_123.JPEG	19	13	46	63
n04532106_259.JPEG	5	20	51	63
n04532106_236.JPEG	4	0	59	63
n04532106_429.JPEG	14	0	51	43
n04532106_434.JPEG	47	32	59	56
n04532106_414.JPEG	9	5	53	63
n04532106_337.JPEG	11	4	53	63
n04532106_216.JPEG	5	0	50	63
n04532106_457.JPEG	7	0	45	63
n04532106_218.JPEG	0	14	63	63
n04532106_46.JPEG	0	0	63	63
n04532106_55.JPEG	29	4	53	48
n04532106_471.JPEG	3	0	63	63
n04532106_223.JPEG	6	0	59	63
n04532106_69.JPEG	6	16	57	63
n04532106_152.JPEG	7	15	53	63
n04532106_383.JPEG	3	0	59	63
n04532106_90.JPEG	11	2	55	63
n04532106_95.JPEG	10	11	62	63
n04532106_186.JPEG	22	15	63	63
n04532106_430.JPEG	9	0	61	63
n04532106_494.JPEG	20	8	47	57
n04532106_144.JPEG	26	9	51	49
n04532106_454.JPEG	18	13	46	63
n04532106_330.JPEG	1	1	63	63
n04532106_127.JPEG	13	4	49	63
n04532106_371.JPEG	0	0	62	63
n04532106_158.JPEG	27	9	63	63
n04532106_326.JPEG	15	2	45	38
n04532106_285.JPEG	0	0	63	63
n04532106_237.JPEG	3	14	39	63
n04532106_279.JPEG	15	20	46	63
n04532106_451.JPEG	16	0	58	63
n04532106_472.JPEG	1	28	17	58
n04532106_364.JPEG	2	0	62	63
n04532106_31.JPEG	3	0	61	63
n04532106_369.JPEG	3	0	62	63
n04532106_12.JPEG	5	0	62	63
n04532106_118.JPEG	0	11	63	63
n04532106_207.JPEG	1	0	63	63
n04532106_355.JPEG	0	17	13	63
n04532106_169.JPEG	9	0	54	63
n04532106_340.JPEG	37	0	63	20
n04532106_476.JPEG	23	17	42	63
n04532106_48.JPEG	4	1	39	62
n04532106_188.JPEG	29	5	49	51
n04532106_99.JPEG	5	0	34	63
n04532106_318.JPEG	35	16	63	62
n04532106_408.JPEG	20	15	49	63
n04532106_65.JPEG	0	0	63	63
n04532106_115.JPEG	33	31	63	63
n04532106_49.JPEG	2	0	63	63
n04532106_101.JPEG	2	0	60	63
n04532106_81.JPEG	7	23	63	63
n04532106_375.JPEG	1	27	18	63
n04532106_224.JPEG	7	12	55	63
n04532106_378.JPEG	5	36	63	63
n04532106_392.JPEG	4	29	62	63
n04532106_161.JPEG	0	2	63	63
n04532106_210.JPEG	9	4	36	63
n04532106_469.JPEG	8	0	59	63
n04532106_10.JPEG	14	10	58	63
n04532106_422.JPEG	5	24	62	63
n04532106_124.JPEG	61	13	63	63
n04532106_424.JPEG	6	8	57	63
n04532106_106.JPEG	17	38	48	63
n04532106_91.JPEG	28	7	48	63
n04532106_110.JPEG	28	34	39	50
n04532106_29.JPEG	3	16	26	60
n04532106_260.JPEG	0	0	63	63
n04532106_228.JPEG	22	7	38	42
n04532106_58.JPEG	3	23	62	63
n04532106_189.JPEG	0	0	63	63
n04532106_173.JPEG	0	0	63	63
n04532106_22.JPEG	26	30	40	48
n04532106_467.JPEG	0	24	63	63
n04532106_316.JPEG	1	0	63	63
n04532106_336.JPEG	3	0	63	63
n04532106_278.JPEG	7	2	53	63
n04532106_312.JPEG	8	22	60	63
n04532106_80.JPEG	15	2	50	63
n04532106_154.JPEG	0	1	63	63
n04532106_300.JPEG	8	11	62	63
n04532106_438.JPEG	0	0	63	63
n04532106_122.JPEG	11	11	30	53
n04532106_175.JPEG	3	0	61	63
n04532106_1.JPEG	11	0	54	63
n04532106_72.JPEG	0	28	63	63
n04532106_461.JPEG	0	13	63	63
n04532106_19.JPEG	48	11	63	63
n04532106_466.JPEG	8	34	61	63
n04532106_139.JPEG	27	0	57	63
n04532106_478.JPEG	17	24	63	63
n04532106_40.JPEG	4	3	45	63
n04532106_450.JPEG	3	0	59	63
n04532106_16.JPEG	10	38	61	63
n04532106_2.JPEG	5	0	58	63
n04532106_444.JPEG	1	0	54	63
n04532106_171.JPEG	2	0	63	63
n04532106_496.JPEG	5	0	57	63
n04532106_301.JPEG	1	0	63	63
n04532106_187.JPEG	19	6	50	63
n04532106_70.JPEG	1	16	63	63
n04532106_0.JPEG	12	9	53	63
n04532106_14.JPEG	4	0	61	63
n04532106_145.JPEG	14	4	47	63
n04532106_251.JPEG	2	6	17	44
n04532106_473.JPEG	20	22	56	63
n04532106_54.JPEG	7	18	44	53
n04532106_88.JPEG	17	7	56	63
n04532106_322.JPEG	9	0	47	63
n04532106_313.JPEG	17	6	46	63
n04532106_248.JPEG	1	0	63	63
n04532106_131.JPEG	19	17	44	60
n04532106_208.JPEG	9	0	57	63
n04532106_85.JPEG	24	4	55	63
n04532106_296.JPEG	0	7	63	63
n04532106_125.JPEG	4	0	61	63
n04532106_431.JPEG	4	0	59	63
n04532106_250.JPEG	12	10	49	61
n04532106_468.JPEG	1	12	62	63
n04532106_150.JPEG	0	0	63	48
n04532106_71.JPEG	13	18	54	63
n04532106_367.JPEG	0	0	63	63
n04532106_184.JPEG	10	0	63	63
n04532106_462.JPEG	7	9	63	63
n04532106_333.JPEG	23	32	43	63
n04532106_27.JPEG	1	18	34	63
n04532106_335.JPEG	1	32	61	63
n04532106_225.JPEG	8	10	39	63
n04532106_373.JPEG	0	0	63	63
n04532106_342.JPEG	2	20	56	63
n04532106_130.JPEG	10	8	56	63
n04532106_499.JPEG	5	9	60	63
n04532106_203.JPEG	15	2	48	63
n04532106_227.JPEG	26	18	63	63
n04532106_420.JPEG	3	0	34	61
n04532106_191.JPEG	2	0	63	63
n04532106_344.JPEG	1	31	62	63
n04532106_418.JPEG	2	0	63	63
n04532106_389.JPEG	5	26	63	63
n04532106_11.JPEG	16	20	41	63
n04532106_39.JPEG	38	25	63	63
n04532106_222.JPEG	4	0	58	63
n04532106_153.JPEG	0	39	63	63
n04532106_492.JPEG	24	17	48	63
n04532106_100.JPEG	1	2	34	63
n04532106_292.JPEG	4	23	22	40
n04532106_162.JPEG	17	0	49	63
n04532106_132.JPEG	0	0	63	63
n04532106_402.JPEG	16	8	48	63
n04532106_214.JPEG	11	0	54	63
n04532106_407.JPEG	13	11	43	63
n04532106_353.JPEG	1	28	29	63
n04532106_50.JPEG	19	5	48	57
n04532106_213.JPEG	0	18	63	63
n04532106_219.JPEG	0	4	57	63
n04532106_386.JPEG	15	24	31	54
n04532106_215.JPEG	2	0	63	63
n04532106_211.JPEG	0	0	63	63
n04532106_311.JPEG	33	17	63	62
n04532106_179.JPEG	0	0	63	63
n04532106_107.JPEG	4	15	55	63
n04532106_356.JPEG	1	0	63	63
n04532106_479.JPEG	1	31	63	63
val_6933.JPEG	16	8	51	63
val_9030.JPEG	36	14	56	63
val_6593.JPEG	0	1	63	57
val_6198.JPEG	1	7	26	62
val_7333.JPEG	3	0	60	63
val_7192.JPEG	24	5	53	63
val_2067.JPEG	1	0	63	63
val_1666.JPEG	14	0	50	63
val_2541.JPEG	0	2	63	63
val_3925.JPEG	0	23	30	63
val_2915.JPEG	10	0	54	63
val_8155.JPEG	31	4	63	63
val_2940.JPEG	5	0	60	63
val_5163.JPEG	15	0	54	63
val_3254.JPEG	0	15	24	59
val_1190.JPEG	12	0	58	63
val_4296.JPEG	15	6	48	63
val_1850.JPEG	8	0	56	63
val_3326.JPEG	7	1	25	63
val_4048.JPEG	7	14	59	63
val_2210.JPEG	16	6	47	63
val_2395.JPEG	0	0	63	63
val_3943.JPEG	18	27	26	39
val_1475.JPEG	6	0	59	63
val_4891.JPEG	7	7	52	53
val_8956.JPEG	16	4	55	63
val_2401.JPEG	2	24	63	63
val_1721.JPEG	5	4	58	63
val_6257.JPEG	15	0	61	63
val_7606.JPEG	0	0	38	63
val_7163.JPEG	6	0	25	34
val_8418.JPEG	14	9	60	63
val_5636.JPEG	22	14	41	55
val_5632.JPEG	0	0	44	63
val_5813.JPEG	30	14	56	63
