n03796401_442.JPEG	0	7	63	56
n03796401_200.JPEG	0	5	63	63
n03796401_436.JPEG	18	19	44	52
n03796401_263.JPEG	0	21	51	49
n03796401_271.JPEG	7	5	49	63
n03796401_395.JPEG	0	5	63	63
n03796401_63.JPEG	4	0	63	48
n03796401_276.JPEG	36	5	63	53
n03796401_141.JPEG	0	20	63	52
n03796401_476.JPEG	0	13	63	59
n03796401_321.JPEG	0	22	53	50
n03796401_402.JPEG	0	0	63	61
n03796401_244.JPEG	3	7	62	61
n03796401_336.JPEG	10	14	57	40
n03796401_279.JPEG	0	3	63	58
n03796401_376.JPEG	0	0	63	63
n03796401_414.JPEG	0	14	26	42
n03796401_70.JPEG	0	2	63	63
n03796401_317.JPEG	3	0	62	63
n03796401_361.JPEG	0	6	63	62
n03796401_359.JPEG	0	11	63	60
n03796401_323.JPEG	0	21	63	53
n03796401_62.JPEG	31	28	63	50
n03796401_153.JPEG	0	0	58	63
n03796401_441.JPEG	8	0	60	54
n03796401_430.JPEG	3	8	61	52
n03796401_188.JPEG	11	29	43	51
n03796401_181.JPEG	8	33	63	61
n03796401_48.JPEG	4	21	63	53
n03796401_131.JPEG	3	2	63	59
n03796401_243.JPEG	23	15	45	40
n03796401_429.JPEG	8	19	60	57
n03796401_328.JPEG	0	34	33	62
n03796401_259.JPEG	0	1	63	61
n03796401_341.JPEG	11	20	63	63
n03796401_170.JPEG	0	6	63	63
n03796401_269.JPEG	0	19	63	53
n03796401_262.JPEG	0	4	40	53
n03796401_420.JPEG	0	4	63	61
n03796401_491.JPEG	0	0	53	63
n03796401_296.JPEG	0	1	63	62
n03796401_156.JPEG	0	1	63	61
n03796401_318.JPEG	0	6	63	59
n03796401_416.JPEG	0	24	48	59
n03796401_391.JPEG	0	2	63	63
n03796401_210.JPEG	0	7	63	51
n03796401_207.JPEG	1	12	58	56
n03796401_299.JPEG	0	19	63	49
n03796401_115.JPEG	0	6	63	62
n03796401_195.JPEG	0	9	63	46
n03796401_35.JPEG	0	0	63	63
n03796401_127.JPEG	0	17	63	55
n03796401_103.JPEG	0	0	22	63
n03796401_342.JPEG	0	12	63	62
n03796401_456.JPEG	0	2	63	54
n03796401_405.JPEG	0	0	39	59
n03796401_157.JPEG	48	6	63	62
n03796401_166.JPEG	1	8	63	56
n03796401_149.JPEG	0	14	63	45
n03796401_355.JPEG	10	24	63	55
n03796401_289.JPEG	0	2	63	63
n03796401_163.JPEG	0	16	32	42
n03796401_396.JPEG	0	4	63	56
n03796401_364.JPEG	0	11	63	52
n03796401_268.JPEG	0	7	63	62
n03796401_380.JPEG	0	1	63	63
n03796401_130.JPEG	0	17	62	63
n03796401_55.JPEG	0	16	63	54
n03796401_256.JPEG	4	8	59	63
n03796401_307.JPEG	0	3	63	60
n03796401_222.JPEG	6	4	43	62
n03796401_349.JPEG	0	12	63	50
n03796401_184.JPEG	0	4	63	63
n03796401_478.JPEG	0	0	60	63
n03796401_13.JPEG	0	0	49	57
n03796401_381.JPEG	0	19	39	47
n03796401_199.JPEG	0	18	63	50
n03796401_64.JPEG	0	4	63	61
n03796401_8.JPEG	2	3	63	52
n03796401_134.JPEG	0	12	63	63
n03796401_109.JPEG	0	12	63	63
n03796401_162.JPEG	0	8	63	60
n03796401_203.JPEG	0	15	63	61
n03796401_0.JPEG	4	13	63	38
n03796401_206.JPEG	0	5	63	54
n03796401_486.JPEG	7	6	61	63
n03796401_354.JPEG	0	14	50	48
n03796401_265.JPEG	0	7	63	56
n03796401_202.JPEG	51	28	63	41
n03796401_303.JPEG	0	1	63	63
n03796401_79.JPEG	0	28	63	57
n03796401_23.JPEG	56	17	63	42
n03796401_351.JPEG	0	25	21	58
n03796401_369.JPEG	0	0	63	63
n03796401_46.JPEG	4	10	63	41
n03796401_460.JPEG	0	6	63	62
n03796401_25.JPEG	0	5	63	62
n03796401_108.JPEG	0	2	63	63
n03796401_337.JPEG	28	15	63	47
n03796401_185.JPEG	0	4	41	56
n03796401_425.JPEG	0	22	63	54
n03796401_382.JPEG	0	3	63	58
n03796401_412.JPEG	0	5	63	59
n03796401_6.JPEG	6	27	56	53
n03796401_226.JPEG	0	3	63	59
n03796401_433.JPEG	49	8	63	58
n03796401_92.JPEG	0	0	63	63
n03796401_15.JPEG	5	4	61	63
n03796401_490.JPEG	3	10	63	56
n03796401_370.JPEG	0	13	63	56
n03796401_464.JPEG	0	4	63	55
n03796401_308.JPEG	19	7	63	42
n03796401_496.JPEG	4	28	63	58
n03796401_319.JPEG	0	0	63	63
n03796401_77.JPEG	0	11	63	52
n03796401_29.JPEG	0	1	63	56
n03796401_343.JPEG	0	14	25	43
n03796401_21.JPEG	0	26	39	58
n03796401_285.JPEG	0	7	63	63
n03796401_326.JPEG	7	3	63	55
n03796401_40.JPEG	0	8	63	62
n03796401_215.JPEG	0	25	52	54
n03796401_159.JPEG	0	9	63	56
n03796401_445.JPEG	0	13	62	56
n03796401_112.JPEG	0	31	24	53
n03796401_497.JPEG	0	1	63	57
n03796401_384.JPEG	0	29	63	52
n03796401_1.JPEG	1	3	63	60
n03796401_495.JPEG	0	15	63	48
n03796401_409.JPEG	0	37	26	61
n03796401_85.JPEG	0	7	63	56
n03796401_264.JPEG	0	10	63	61
n03796401_313.JPEG	5	0	51	43
n03796401_180.JPEG	35	7	63	56
n03796401_33.JPEG	0	0	63	52
n03796401_14.JPEG	0	4	40	56
n03796401_372.JPEG	15	5	63	45
n03796401_358.JPEG	0	1	63	63
n03796401_472.JPEG	0	19	45	48
n03796401_273.JPEG	0	7	53	55
n03796401_461.JPEG	0	7	63	56
n03796401_427.JPEG	0	9	63	61
n03796401_9.JPEG	0	3	63	62
n03796401_401.JPEG	0	15	63	56
n03796401_302.JPEG	1	0	63	63
n03796401_189.JPEG	0	0	63	63
n03796401_66.JPEG	4	0	63	62
n03796401_443.JPEG	0	10	63	63
n03796401_353.JPEG	0	1	63	61
n03796401_470.JPEG	0	10	63	59
n03796401_295.JPEG	6	24	47	47
n03796401_229.JPEG	13	22	53	48
n03796401_24.JPEG	43	27	63	45
n03796401_483.JPEG	0	1	14	63
n03796401_2.JPEG	0	17	63	57
n03796401_481.JPEG	2	27	63	60
n03796401_158.JPEG	8	29	53	53
n03796401_26.JPEG	5	11	63	40
n03796401_107.JPEG	4	5	61	60
n03796401_312.JPEG	3	10	49	43
n03796401_468.JPEG	0	7	63	61
n03796401_39.JPEG	1	14	63	51
n03796401_27.JPEG	0	6	63	53
n03796401_339.JPEG	16	0	63	62
n03796401_448.JPEG	0	7	63	51
n03796401_52.JPEG	0	2	63	63
n03796401_123.JPEG	0	10	63	60
n03796401_489.JPEG	0	14	56	46
n03796401_377.JPEG	4	24	61	46
n03796401_217.JPEG	6	12	57	55
n03796401_274.JPEG	9	24	42	46
n03796401_335.JPEG	0	20	63	56
n03796401_275.JPEG	0	20	63	54
n03796401_440.JPEG	0	2	63	63
n03796401_306.JPEG	14	15	46	53
n03796401_90.JPEG	0	0	63	63
n03796401_394.JPEG	0	15	63	57
n03796401_34.JPEG	0	5	60	59
n03796401_161.JPEG	0	17	63	47
n03796401_423.JPEG	0	8	29	47
n03796401_43.JPEG	13	15	52	50
n03796401_168.JPEG	6	3	50	63
n03796401_366.JPEG	0	1	63	63
n03796401_297.JPEG	0	7	63	60
n03796401_204.JPEG	0	7	63	61
n03796401_68.JPEG	0	2	63	61
n03796401_182.JPEG	0	6	63	52
n03796401_128.JPEG	0	4	54	43
n03796401_331.JPEG	0	9	63	45
n03796401_116.JPEG	4	0	62	61
n03796401_45.JPEG	0	9	63	61
n03796401_136.JPEG	0	24	63	56
n03796401_22.JPEG	7	0	51	50
n03796401_347.JPEG	3	3	60	63
n03796401_463.JPEG	0	15	43	55
n03796401_148.JPEG	0	18	63	61
n03796401_139.JPEG	0	29	63	60
n03796401_171.JPEG	0	14	60	46
n03796401_386.JPEG	0	0	63	63
n03796401_19.JPEG	0	2	63	63
n03796401_494.JPEG	0	11	60	58
n03796401_121.JPEG	0	0	60	63
n03796401_237.JPEG	0	2	63	61
n03796401_4.JPEG	0	25	44	45
n03796401_356.JPEG	0	0	63	63
n03796401_173.JPEG	0	5	63	59
n03796401_98.JPEG	0	20	63	63
n03796401_413.JPEG	4	0	61	63
n03796401_155.JPEG	2	3	58	59
n03796401_450.JPEG	5	11	63	52
n03796401_196.JPEG	0	9	63	63
n03796401_389.JPEG	0	1	63	63
n03796401_314.JPEG	0	4	63	61
n03796401_397.JPEG	52	12	63	47
n03796401_65.JPEG	16	24	63	55
n03796401_214.JPEG	0	0	63	63
n03796401_379.JPEG	0	0	33	58
n03796401_54.JPEG	0	20	63	63
n03796401_348.JPEG	3	15	62	52
n03796401_432.JPEG	0	0	63	60
n03796401_110.JPEG	0	5	63	50
n03796401_322.JPEG	0	12	63	61
n03796401_462.JPEG	0	13	63	51
n03796401_12.JPEG	1	6	63	56
n03796401_87.JPEG	0	2	39	52
n03796401_387.JPEG	0	4	63	55
n03796401_426.JPEG	14	8	52	52
n03796401_400.JPEG	0	5	63	63
n03796401_75.JPEG	0	27	63	54
n03796401_97.JPEG	0	14	63	58
n03796401_5.JPEG	0	6	63	57
n03796401_142.JPEG	0	7	63	55
n03796401_367.JPEG	0	2	63	62
n03796401_278.JPEG	0	17	63	48
n03796401_16.JPEG	4	14	62	51
n03796401_499.JPEG	5	0	55	51
n03796401_60.JPEG	8	1	56	63
n03796401_201.JPEG	17	18	60	33
n03796401_305.JPEG	0	2	63	63
n03796401_74.JPEG	23	1	63	46
n03796401_143.JPEG	0	2	63	59
n03796401_404.JPEG	0	11	63	51
n03796401_88.JPEG	0	5	63	63
n03796401_439.JPEG	0	16	63	59
n03796401_467.JPEG	0	13	63	45
n03796401_234.JPEG	0	16	63	47
n03796401_469.JPEG	0	7	63	62
n03796401_330.JPEG	21	6	63	52
n03796401_282.JPEG	0	18	63	48
n03796401_218.JPEG	0	15	63	63
n03796401_492.JPEG	0	8	63	52
n03796401_325.JPEG	0	0	63	63
n03796401_81.JPEG	0	15	63	52
n03796401_493.JPEG	18	40	58	63
n03796401_288.JPEG	0	20	49	49
n03796401_457.JPEG	0	7	63	63
n03796401_474.JPEG	0	12	63	45
n03796401_113.JPEG	0	17	63	56
n03796401_260.JPEG	0	5	63	56
n03796401_96.JPEG	0	18	50	60
n03796401_119.JPEG	0	1	63	63
n03796401_488.JPEG	0	0	63	63
n03796401_114.JPEG	0	5	63	63
n03796401_100.JPEG	0	1	63	61
n03796401_338.JPEG	35	3	63	54
n03796401_438.JPEG	0	12	63	53
n03796401_332.JPEG	0	32	63	56
n03796401_360.JPEG	0	8	63	59
n03796401_80.JPEG	0	8	63	53
n03796401_277.JPEG	0	1	54	63
n03796401_179.JPEG	7	10	63	56
n03796401_248.JPEG	0	2	63	62
n03796401_446.JPEG	0	1	58	63
n03796401_223.JPEG	0	3	63	63
n03796401_105.JPEG	3	17	62	46
n03796401_280.JPEG	0	2	63	58
n03796401_150.JPEG	0	6	63	63
n03796401_233.JPEG	26	0	63	63
n03796401_398.JPEG	3	12	63	46
n03796401_466.JPEG	0	1	63	60
n03796401_47.JPEG	0	1	63	60
n03796401_250.JPEG	0	0	63	63
n03796401_117.JPEG	0	3	63	59
n03796401_91.JPEG	28	35	63	60
n03796401_82.JPEG	0	12	63	44
n03796401_111.JPEG	0	7	63	49
n03796401_37.JPEG	0	0	63	63
n03796401_3.JPEG	0	0	63	58
n03796401_298.JPEG	0	4	63	59
n03796401_83.JPEG	0	4	63	62
n03796401_124.JPEG	4	9	40	51
n03796401_447.JPEG	0	15	63	54
n03796401_451.JPEG	2	15	63	43
n03796401_208.JPEG	0	1	63	63
n03796401_365.JPEG	0	7	63	51
n03796401_120.JPEG	0	3	63	63
n03796401_193.JPEG	0	0	63	63
n03796401_300.JPEG	0	17	63	59
n03796401_69.JPEG	0	1	63	63
n03796401_459.JPEG	0	1	63	63
n03796401_479.JPEG	8	17	52	59
n03796401_287.JPEG	0	10	63	48
n03796401_192.JPEG	10	9	63	63
n03796401_183.JPEG	20	13	63	46
n03796401_292.JPEG	0	3	63	60
n03796401_482.JPEG	13	12	62	48
n03796401_283.JPEG	0	6	42	60
n03796401_458.JPEG	0	6	63	53
n03796401_18.JPEG	0	1	63	63
n03796401_205.JPEG	4	5	63	55
n03796401_453.JPEG	0	19	58	53
n03796401_95.JPEG	23	19	63	49
n03796401_290.JPEG	0	8	48	51
n03796401_38.JPEG	2	14	63	55
n03796401_309.JPEG	15	20	63	55
n03796401_284.JPEG	0	5	63	58
n03796401_352.JPEG	0	2	63	61
n03796401_228.JPEG	0	22	54	58
n03796401_270.JPEG	0	1	63	63
n03796401_224.JPEG	0	31	63	55
n03796401_333.JPEG	0	4	62	48
n03796401_67.JPEG	2	5	63	57
n03796401_175.JPEG	18	10	48	53
n03796401_242.JPEG	0	14	63	56
n03796401_484.JPEG	28	21	58	45
n03796401_197.JPEG	0	10	63	63
n03796401_385.JPEG	0	7	63	55
n03796401_44.JPEG	0	21	63	54
n03796401_475.JPEG	0	18	63	55
n03796401_219.JPEG	0	1	63	62
n03796401_411.JPEG	0	7	63	57
n03796401_135.JPEG	17	6	55	61
n03796401_36.JPEG	1	24	56	59
n03796401_191.JPEG	0	3	63	63
n03796401_249.JPEG	5	23	63	47
n03796401_56.JPEG	0	3	63	63
n03796401_99.JPEG	0	2	57	63
n03796401_118.JPEG	0	0	63	63
n03796401_346.JPEG	0	5	63	63
n03796401_42.JPEG	0	15	39	48
n03796401_102.JPEG	0	0	63	63
n03796401_477.JPEG	0	7	63	57
n03796401_253.JPEG	0	11	63	54
n03796401_104.JPEG	8	12	53	56
n03796401_212.JPEG	0	12	63	63
n03796401_344.JPEG	5	4	63	47
n03796401_160.JPEG	0	11	63	51
n03796401_485.JPEG	41	6	63	53
n03796401_246.JPEG	0	6	63	63
n03796401_304.JPEG	0	5	63	59
val_3884.JPEG	0	3	63	63
val_9360.JPEG	0	1	63	62
val_9697.JPEG	45	31	63	58
val_5038.JPEG	0	20	58	57
val_7073.JPEG	0	1	61	51
val_9554.JPEG	0	0	63	63
val_8126.JPEG	0	10	63	50
val_3887.JPEG	6	23	47	45
val_762.JPEG	10	12	63	59
val_5399.JPEG	0	16	62	52
val_2203.JPEG	0	5	63	57
val_8277.JPEG	3	8	63	63
val_715.JPEG	0	8	63	53
val_5606.JPEG	4	10	63	61
val_4915.JPEG	2	0	63	63
val_6882.JPEG	1	12	56	47
val_7749.JPEG	10	20	63	63
val_207.JPEG	0	19	63	61
val_9833.JPEG	0	6	63	53
val_599.JPEG	0	0	59	50
val_8215.JPEG	0	20	63	49
val_622.JPEG	2	3	59	63
val_2208.JPEG	1	0	55	63
val_7807.JPEG	0	14	39	39
val_4259.JPEG	0	18	63	57
val_5149.JPEG	0	19	43	62
val_5885.JPEG	0	9	63	55
val_3999.JPEG	8	5	60	61
val_6632.JPEG	0	43	14	53
val_1226.JPEG	0	5	63	63
val_4564.JPEG	0	20	63	59
val_1586.JPEG	0	1	63	63
val_8962.JPEG	0	10	63	62
val_1764.JPEG	0	13	56	60
val_3456.JPEG	9	0	54	63
