n04067472_376.JPEG	32	24	38	30
n04067472_292.JPEG	30	26	35	32
n04067472_94.JPEG	18	55	23	59
n04067472_304.JPEG	23	45	47	63
n04067472_150.JPEG	0	35	26	61
n04067472_100.JPEG	14	24	58	63
n04067472_367.JPEG	13	22	48	61
n04067472_196.JPEG	0	47	4	51
n04067472_314.JPEG	11	8	59	60
n04067472_149.JPEG	25	45	37	58
n04067472_485.JPEG	25	6	63	61
n04067472_347.JPEG	28	12	63	56
n04067472_323.JPEG	52	28	63	48
n04067472_159.JPEG	2	46	7	51
n04067472_136.JPEG	25	16	33	24
n04067472_157.JPEG	1	13	31	62
n04067472_249.JPEG	30	32	41	40
n04067472_246.JPEG	7	14	46	63
n04067472_45.JPEG	28	41	35	50
n04067472_215.JPEG	49	36	60	46
n04067472_73.JPEG	60	17	63	20
n04067472_41.JPEG	4	43	21	56
n04067472_63.JPEG	17	6	63	58
n04067472_169.JPEG	0	23	33	38
n04067472_233.JPEG	0	1	46	55
n04067472_361.JPEG	3	0	61	63
n04067472_491.JPEG	20	20	50	45
n04067472_363.JPEG	4	34	63	63
n04067472_459.JPEG	11	15	20	26
n04067472_470.JPEG	56	49	63	63
n04067472_393.JPEG	11	45	29	56
n04067472_39.JPEG	56	35	63	59
n04067472_312.JPEG	15	22	57	54
n04067472_104.JPEG	6	2	60	62
n04067472_362.JPEG	34	4	54	29
n04067472_144.JPEG	39	19	63	53
n04067472_142.JPEG	0	3	55	56
n04067472_253.JPEG	6	8	42	43
n04067472_317.JPEG	0	21	33	63
n04067472_64.JPEG	0	2	63	63
n04067472_226.JPEG	18	13	33	41
n04067472_432.JPEG	43	31	63	53
n04067472_135.JPEG	8	7	58	57
n04067472_308.JPEG	24	25	38	33
n04067472_101.JPEG	4	0	51	63
n04067472_212.JPEG	18	38	29	51
n04067472_282.JPEG	39	13	45	18
n04067472_183.JPEG	12	26	38	53
n04067472_265.JPEG	44	16	63	38
n04067472_272.JPEG	6	1	63	56
n04067472_325.JPEG	0	13	63	49
n04067472_383.JPEG	10	1	25	62
n04067472_444.JPEG	4	21	40	60
n04067472_285.JPEG	13	22	53	45
n04067472_108.JPEG	27	30	63	63
n04067472_49.JPEG	0	20	63	52
n04067472_345.JPEG	8	2	62	49
n04067472_440.JPEG	49	20	63	36
n04067472_208.JPEG	0	24	63	63
n04067472_197.JPEG	21	26	58	55
n04067472_275.JPEG	3	8	63	59
n04067472_484.JPEG	0	2	63	63
n04067472_140.JPEG	28	36	49	63
n04067472_344.JPEG	14	21	20	27
n04067472_497.JPEG	33	21	42	28
n04067472_473.JPEG	3	1	50	55
n04067472_475.JPEG	15	20	40	46
n04067472_278.JPEG	8	0	36	62
n04067472_219.JPEG	16	20	62	61
n04067472_96.JPEG	25	56	38	63
n04067472_176.JPEG	0	0	41	63
n04067472_439.JPEG	29	30	47	59
n04067472_83.JPEG	0	36	54	63
n04067472_201.JPEG	49	35	63	50
n04067472_102.JPEG	52	40	56	45
n04067472_352.JPEG	10	31	36	55
n04067472_186.JPEG	20	4	63	57
n04067472_54.JPEG	0	12	63	56
n04067472_20.JPEG	0	20	59	63
n04067472_184.JPEG	16	15	61	43
n04067472_188.JPEG	34	28	43	35
n04067472_250.JPEG	19	38	51	63
n04067472_316.JPEG	32	24	59	52
n04067472_407.JPEG	0	12	63	63
n04067472_93.JPEG	0	0	63	63
n04067472_402.JPEG	25	36	46	61
n04067472_454.JPEG	17	25	19	28
n04067472_162.JPEG	6	15	37	43
n04067472_80.JPEG	2	16	12	22
n04067472_234.JPEG	6	18	62	63
n04067472_287.JPEG	1	1	63	63
n04067472_48.JPEG	0	12	59	63
n04067472_209.JPEG	6	10	63	61
n04067472_223.JPEG	50	21	63	50
n04067472_179.JPEG	19	39	31	52
n04067472_487.JPEG	0	6	57	58
n04067472_370.JPEG	0	0	63	63
n04067472_399.JPEG	25	32	30	36
n04067472_340.JPEG	0	12	40	62
n04067472_46.JPEG	1	0	63	63
n04067472_7.JPEG	23	43	31	51
n04067472_398.JPEG	2	1	61	63
n04067472_238.JPEG	31	15	63	46
n04067472_248.JPEG	0	0	63	62
n04067472_299.JPEG	13	15	44	62
n04067472_220.JPEG	1	29	63	63
n04067472_319.JPEG	4	3	58	61
n04067472_433.JPEG	11	11	47	63
n04067472_193.JPEG	9	10	61	58
n04067472_167.JPEG	2	0	61	63
n04067472_115.JPEG	32	24	54	44
n04067472_499.JPEG	44	42	61	52
n04067472_227.JPEG	13	8	52	58
n04067472_14.JPEG	1	28	37	63
n04067472_256.JPEG	0	8	60	60
n04067472_170.JPEG	12	14	63	63
n04067472_65.JPEG	45	38	59	55
n04067472_427.JPEG	5	8	63	53
n04067472_24.JPEG	19	37	45	63
n04067472_488.JPEG	13	6	53	58
n04067472_128.JPEG	0	1	63	63
n04067472_303.JPEG	28	37	46	54
n04067472_202.JPEG	38	10	63	39
n04067472_492.JPEG	3	5	60	60
n04067472_397.JPEG	7	41	54	60
n04067472_36.JPEG	2	11	36	38
n04067472_72.JPEG	0	7	63	58
n04067472_306.JPEG	0	5	63	56
n04067472_120.JPEG	24	41	33	49
n04067472_343.JPEG	0	6	40	60
n04067472_327.JPEG	4	26	38	43
n04067472_307.JPEG	11	41	63	63
n04067472_479.JPEG	26	22	38	36
n04067472_336.JPEG	13	26	63	57
n04067472_81.JPEG	1	0	63	63
n04067472_2.JPEG	62	47	63	63
n04067472_68.JPEG	12	28	58	44
n04067472_438.JPEG	49	38	63	63
n04067472_277.JPEG	1	0	63	63
n04067472_158.JPEG	33	42	47	54
n04067472_134.JPEG	19	35	63	63
n04067472_309.JPEG	7	14	63	59
n04067472_231.JPEG	59	26	63	43
n04067472_441.JPEG	0	6	63	63
n04067472_273.JPEG	11	44	34	63
n04067472_232.JPEG	30	7	61	26
n04067472_148.JPEG	14	14	48	61
n04067472_298.JPEG	9	22	41	49
n04067472_300.JPEG	0	21	57	59
n04067472_95.JPEG	0	0	63	63
n04067472_166.JPEG	38	31	60	52
n04067472_356.JPEG	47	40	54	49
n04067472_125.JPEG	59	29	63	50
n04067472_90.JPEG	22	20	50	38
n04067472_335.JPEG	23	38	41	53
n04067472_360.JPEG	7	0	58	63
n04067472_146.JPEG	0	11	38	59
n04067472_424.JPEG	15	1	57	53
n04067472_37.JPEG	0	0	63	43
n04067472_139.JPEG	0	2	63	57
n04067472_386.JPEG	4	45	55	63
n04067472_199.JPEG	38	21	56	39
n04067472_111.JPEG	29	19	45	41
n04067472_228.JPEG	46	0	63	32
n04067472_164.JPEG	5	16	33	47
n04067472_469.JPEG	30	25	63	49
n04067472_57.JPEG	63	13	63	28
n04067472_138.JPEG	13	48	24	58
n04067472_490.JPEG	32	37	52	63
n04067472_18.JPEG	0	5	63	60
n04067472_384.JPEG	20	0	63	61
n04067472_217.JPEG	0	30	17	40
n04067472_195.JPEG	22	24	47	63
n04067472_390.JPEG	0	37	6	52
n04067472_326.JPEG	57	55	63	63
n04067472_211.JPEG	0	33	63	56
n04067472_266.JPEG	0	35	16	51
n04067472_342.JPEG	9	63	42	63
n04067472_301.JPEG	2	27	47	52
n04067472_107.JPEG	32	47	50	63
n04067472_105.JPEG	7	7	54	51
n04067472_185.JPEG	0	0	61	63
n04067472_457.JPEG	11	26	37	55
n04067472_252.JPEG	28	44	35	49
n04067472_204.JPEG	4	43	63	63
n04067472_27.JPEG	32	22	63	58
n04067472_354.JPEG	0	1	63	63
n04067472_78.JPEG	18	17	63	54
n04067472_495.JPEG	0	1	63	63
n04067472_13.JPEG	0	2	63	59
n04067472_467.JPEG	0	0	49	56
n04067472_431.JPEG	33	13	63	54
n04067472_267.JPEG	16	0	31	63
n04067472_182.JPEG	27	31	48	44
n04067472_353.JPEG	20	5	60	63
n04067472_181.JPEG	0	27	24	56
n04067472_110.JPEG	0	3	61	62
n04067472_172.JPEG	39	20	61	42
n04067472_97.JPEG	22	16	39	35
n04067472_403.JPEG	0	13	63	38
n04067472_130.JPEG	19	44	48	63
n04067472_165.JPEG	18	31	36	48
n04067472_10.JPEG	1	1	63	63
n04067472_270.JPEG	0	0	63	63
n04067472_17.JPEG	0	20	63	63
n04067472_16.JPEG	7	3	58	62
n04067472_264.JPEG	12	24	41	45
n04067472_260.JPEG	15	42	28	52
n04067472_55.JPEG	63	44	63	63
n04067472_332.JPEG	35	40	38	43
n04067472_216.JPEG	25	15	63	63
n04067472_145.JPEG	0	12	63	38
n04067472_180.JPEG	14	38	39	63
n04067472_423.JPEG	5	8	51	52
n04067472_446.JPEG	4	0	54	46
n04067472_463.JPEG	41	52	53	62
n04067472_286.JPEG	38	0	63	56
n04067472_174.JPEG	56	19	63	36
n04067472_59.JPEG	10	21	36	45
n04067472_92.JPEG	29	54	52	63
n04067472_258.JPEG	50	18	63	34
n04067472_11.JPEG	0	37	44	63
n04067472_489.JPEG	12	5	59	47
n04067472_236.JPEG	19	39	45	63
n04067472_271.JPEG	0	15	53	52
n04067472_408.JPEG	0	8	31	55
n04067472_448.JPEG	0	1	63	57
n04067472_89.JPEG	9	39	15	45
n04067472_366.JPEG	4	0	42	63
n04067472_333.JPEG	0	19	36	61
n04067472_281.JPEG	0	0	63	63
n04067472_210.JPEG	13	0	63	63
n04067472_21.JPEG	0	0	63	63
n04067472_329.JPEG	39	41	48	50
n04067472_373.JPEG	21	0	63	63
n04067472_192.JPEG	42	36	49	49
n04067472_415.JPEG	29	0	60	63
n04067472_190.JPEG	0	0	63	63
n04067472_418.JPEG	0	10	63	63
n04067472_214.JPEG	1	3	63	62
n04067472_429.JPEG	5	20	23	38
n04067472_477.JPEG	30	42	47	58
n04067472_349.JPEG	0	33	32	63
n04067472_368.JPEG	30	19	63	63
n04067472_450.JPEG	19	0	52	63
n04067472_53.JPEG	7	17	59	54
n04067472_34.JPEG	11	7	54	53
n04067472_413.JPEG	29	8	62	35
n04067472_486.JPEG	59	37	63	52
n04067472_32.JPEG	3	7	55	45
n04067472_460.JPEG	37	25	44	32
n04067472_152.JPEG	7	5	63	60
n04067472_346.JPEG	0	0	59	44
n04067472_389.JPEG	12	21	55	49
n04067472_302.JPEG	4	38	41	63
n04067472_113.JPEG	10	11	63	59
n04067472_3.JPEG	21	28	41	45
n04067472_320.JPEG	36	30	41	35
n04067472_355.JPEG	0	25	15	38
n04067472_103.JPEG	35	30	41	34
n04067472_456.JPEG	0	28	31	59
n04067472_112.JPEG	2	2	39	46
n04067472_482.JPEG	34	31	41	37
n04067472_442.JPEG	1	0	63	63
n04067472_84.JPEG	39	50	47	59
n04067472_35.JPEG	0	1	63	63
n04067472_493.JPEG	45	26	63	46
n04067472_412.JPEG	0	5	59	63
n04067472_8.JPEG	7	0	37	63
n04067472_60.JPEG	52	10	63	31
n04067472_85.JPEG	0	5	63	63
n04067472_305.JPEG	52	35	63	50
n04067472_171.JPEG	47	9	63	29
n04067472_411.JPEG	27	43	53	63
n04067472_426.JPEG	0	1	60	48
n04067472_419.JPEG	47	16	59	26
n04067472_62.JPEG	8	36	49	63
n04067472_163.JPEG	37	0	63	50
n04067472_187.JPEG	30	50	41	61
n04067472_262.JPEG	12	4	63	50
n04067472_465.JPEG	63	24	63	28
n04067472_466.JPEG	7	26	54	62
n04067472_434.JPEG	42	45	59	62
n04067472_341.JPEG	4	30	48	50
n04067472_288.JPEG	36	12	63	38
n04067472_321.JPEG	32	2	63	60
n04067472_243.JPEG	11	31	56	63
n04067472_294.JPEG	50	22	63	59
n04067472_357.JPEG	28	11	32	15
n04067472_155.JPEG	46	20	63	41
n04067472_235.JPEG	28	40	33	47
n04067472_154.JPEG	26	34	34	41
n04067472_422.JPEG	5	44	14	56
n04067472_224.JPEG	21	51	26	55
n04067472_251.JPEG	21	33	25	39
n04067472_279.JPEG	29	32	37	40
n04067472_369.JPEG	45	4	63	40
n04067472_405.JPEG	0	0	48	54
n04067472_237.JPEG	0	10	59	51
n04067472_374.JPEG	14	4	47	31
n04067472_26.JPEG	0	6	63	55
n04067472_74.JPEG	10	0	63	63
n04067472_254.JPEG	0	3	63	60
n04067472_498.JPEG	0	12	31	62
n04067472_123.JPEG	17	42	48	63
n04067472_5.JPEG	12	26	51	54
n04067472_464.JPEG	19	48	24	50
n04067472_461.JPEG	13	13	63	57
n04067472_280.JPEG	0	1	63	63
n04067472_153.JPEG	34	1	57	36
n04067472_269.JPEG	10	33	35	60
n04067472_420.JPEG	10	34	22	46
n04067472_451.JPEG	3	29	46	63
n04067472_458.JPEG	34	40	44	48
n04067472_44.JPEG	34	21	39	25
n04067472_283.JPEG	16	19	48	47
n04067472_191.JPEG	0	0	25	63
n04067472_392.JPEG	6	0	63	61
n04067472_311.JPEG	0	0	63	63
n04067472_379.JPEG	3	1	61	63
n04067472_61.JPEG	36	31	63	52
n04067472_447.JPEG	29	38	33	41
n04067472_33.JPEG	56	42	63	49
n04067472_436.JPEG	15	25	20	30
n04067472_4.JPEG	23	0	61	63
n04067472_109.JPEG	12	0	54	63
n04067472_396.JPEG	11	23	47	59
n04067472_203.JPEG	28	30	42	42
n04067472_435.JPEG	30	47	44	57
n04067472_221.JPEG	0	21	33	47
n04067472_240.JPEG	0	1	63	63
n04067472_339.JPEG	21	30	48	57
n04067472_350.JPEG	32	0	36	4
n04067472_330.JPEG	38	38	49	48
n04067472_324.JPEG	7	6	48	59
n04067472_118.JPEG	0	2	63	61
n04067472_322.JPEG	18	1	63	63
n04067472_71.JPEG	0	16	63	63
n04067472_276.JPEG	1	0	62	63
n04067472_88.JPEG	15	14	50	48
n04067472_496.JPEG	0	0	63	63
n04067472_351.JPEG	33	32	38	37
n04067472_218.JPEG	49	38	56	45
n04067472_295.JPEG	26	39	45	62
n04067472_443.JPEG	11	24	54	56
n04067472_0.JPEG	8	34	18	43
n04067472_480.JPEG	22	10	55	59
n04067472_69.JPEG	30	39	37	47
n04067472_42.JPEG	48	38	63	63
n04067472_141.JPEG	16	0	63	63
val_440.JPEG	0	27	10	47
val_1379.JPEG	12	43	21	53
val_9471.JPEG	34	24	47	38
val_5381.JPEG	25	28	63	49
val_128.JPEG	17	34	20	38
val_7745.JPEG	53	36	57	42
val_7979.JPEG	1	0	63	63
val_6243.JPEG	0	15	15	35
val_7626.JPEG	0	0	61	63
val_414.JPEG	42	15	49	20
val_1.JPEG	52	55	57	59
val_8670.JPEG	18	34	40	62
val_2446.JPEG	33	17	63	63
val_251.JPEG	10	2	58	63
val_5040.JPEG	44	30	57	46
val_1906.JPEG	13	3	53	61
val_6651.JPEG	58	33	63	39
val_3856.JPEG	0	2	63	62
val_5571.JPEG	38	1	63	63
val_1669.JPEG	39	33	44	36
val_3829.JPEG	0	12	45	63
val_5358.JPEG	24	32	52	60
val_7909.JPEG	5	0	47	44
val_1823.JPEG	16	21	54	62
val_2691.JPEG	24	38	30	43
val_5315.JPEG	25	33	49	59
val_9481.JPEG	2	15	63	46
val_7704.JPEG	28	30	40	40
val_8715.JPEG	27	28	62	59
val_4538.JPEG	27	15	57	55
val_2627.JPEG	16	23	42	56
val_9384.JPEG	0	28	34	63
val_6354.JPEG	0	0	57	61
val_9425.JPEG	0	0	55	63
val_2778.JPEG	0	16	17	63
