n02814860_478.JPEG	28	0	33	10
n02814860_96.JPEG	3	5	20	42
n02814860_174.JPEG	28	15	41	41
n02814860_258.JPEG	28	25	35	59
n02814860_158.JPEG	8	14	22	49
n02814860_397.JPEG	43	5	55	42
n02814860_143.JPEG	43	0	53	27
n02814860_434.JPEG	4	11	14	39
n02814860_430.JPEG	37	22	50	45
n02814860_109.JPEG	1	8	11	48
n02814860_365.JPEG	27	21	35	47
n02814860_310.JPEG	7	17	11	33
n02814860_65.JPEG	0	3	17	43
n02814860_356.JPEG	47	10	54	36
n02814860_264.JPEG	37	0	52	57
n02814860_400.JPEG	11	1	33	61
n02814860_184.JPEG	23	0	55	63
n02814860_62.JPEG	14	4	28	58
n02814860_448.JPEG	45	2	60	57
n02814860_484.JPEG	48	6	63	38
n02814860_325.JPEG	22	24	40	63
n02814860_396.JPEG	0	0	63	63
n02814860_126.JPEG	52	4	63	27
n02814860_290.JPEG	50	16	57	43
n02814860_244.JPEG	35	12	45	36
n02814860_273.JPEG	26	0	38	63
n02814860_24.JPEG	27	23	36	41
n02814860_175.JPEG	25	1	43	59
n02814860_231.JPEG	5	12	44	63
n02814860_369.JPEG	8	0	24	61
n02814860_224.JPEG	9	14	19	33
n02814860_28.JPEG	32	0	55	63
n02814860_171.JPEG	22	0	53	63
n02814860_486.JPEG	4	10	18	41
n02814860_319.JPEG	5	0	29	48
n02814860_36.JPEG	30	0	44	54
n02814860_496.JPEG	16	0	38	63
n02814860_215.JPEG	23	1	52	63
n02814860_470.JPEG	30	0	58	63
n02814860_428.JPEG	32	0	48	63
n02814860_376.JPEG	0	5	14	60
n02814860_416.JPEG	19	6	31	61
n02814860_422.JPEG	50	0	63	63
n02814860_342.JPEG	23	12	30	44
n02814860_93.JPEG	27	13	35	59
n02814860_145.JPEG	20	0	43	57
n02814860_83.JPEG	10	0	50	63
n02814860_20.JPEG	42	8	55	35
n02814860_229.JPEG	3	6	24	55
n02814860_227.JPEG	7	0	62	63
n02814860_78.JPEG	0	7	10	46
n02814860_166.JPEG	50	32	56	40
n02814860_6.JPEG	11	0	63	63
n02814860_431.JPEG	20	0	47	63
n02814860_427.JPEG	13	0	26	25
n02814860_287.JPEG	21	0	42	63
n02814860_150.JPEG	6	5	18	26
n02814860_274.JPEG	31	3	43	53
n02814860_77.JPEG	56	4	63	31
n02814860_188.JPEG	51	2	61	19
n02814860_259.JPEG	17	1	44	61
n02814860_493.JPEG	18	12	29	50
n02814860_291.JPEG	38	20	48	42
n02814860_275.JPEG	13	0	55	63
n02814860_189.JPEG	26	2	54	63
n02814860_190.JPEG	21	2	52	63
n02814860_125.JPEG	14	0	21	21
n02814860_4.JPEG	40	15	49	47
n02814860_50.JPEG	27	0	59	63
n02814860_482.JPEG	34	0	60	63
n02814860_299.JPEG	16	12	48	54
n02814860_297.JPEG	17	11	22	23
n02814860_261.JPEG	5	20	10	31
n02814860_35.JPEG	30	0	49	63
n02814860_437.JPEG	29	0	41	39
n02814860_469.JPEG	40	14	43	31
n02814860_59.JPEG	18	22	47	63
n02814860_446.JPEG	34	6	49	63
n02814860_67.JPEG	28	10	42	46
n02814860_94.JPEG	22	3	50	62
n02814860_408.JPEG	26	0	45	63
n02814860_217.JPEG	17	11	51	56
n02814860_357.JPEG	20	3	27	37
n02814860_248.JPEG	33	6	48	48
n02814860_250.JPEG	0	15	7	47
n02814860_351.JPEG	39	7	63	60
n02814860_136.JPEG	0	11	7	36
n02814860_98.JPEG	18	2	30	61
n02814860_394.JPEG	27	9	39	47
n02814860_131.JPEG	17	1	42	59
n02814860_0.JPEG	44	6	58	56
n02814860_161.JPEG	23	0	38	54
n02814860_58.JPEG	2	1	23	58
n02814860_48.JPEG	42	0	49	22
n02814860_117.JPEG	2	11	13	40
n02814860_113.JPEG	16	0	63	63
n02814860_335.JPEG	32	0	50	60
n02814860_407.JPEG	37	2	53	58
n02814860_119.JPEG	17	9	44	63
n02814860_192.JPEG	12	0	49	63
n02814860_464.JPEG	9	10	17	26
n02814860_74.JPEG	7	2	55	63
n02814860_54.JPEG	36	0	55	48
n02814860_63.JPEG	7	5	20	63
n02814860_44.JPEG	36	0	57	48
n02814860_237.JPEG	24	0	38	39
n02814860_208.JPEG	25	0	44	40
n02814860_121.JPEG	27	4	53	59
n02814860_289.JPEG	51	11	58	37
n02814860_423.JPEG	1	0	25	63
n02814860_230.JPEG	24	5	38	38
n02814860_88.JPEG	40	0	45	15
n02814860_214.JPEG	46	13	53	32
n02814860_73.JPEG	37	17	43	35
n02814860_122.JPEG	6	7	20	43
n02814860_460.JPEG	30	3	42	33
n02814860_209.JPEG	24	0	57	63
n02814860_182.JPEG	3	0	59	63
n02814860_301.JPEG	8	2	53	63
n02814860_465.JPEG	33	4	50	62
n02814860_148.JPEG	9	5	18	48
n02814860_193.JPEG	0	6	63	63
n02814860_40.JPEG	17	0	36	63
n02814860_399.JPEG	37	0	48	39
n02814860_344.JPEG	40	19	49	33
n02814860_485.JPEG	26	0	42	47
n02814860_105.JPEG	0	5	29	52
n02814860_349.JPEG	42	9	54	47
n02814860_19.JPEG	0	8	14	50
n02814860_321.JPEG	45	2	58	45
n02814860_472.JPEG	18	0	47	63
n02814860_371.JPEG	17	3	29	48
n02814860_218.JPEG	0	4	36	63
n02814860_135.JPEG	23	5	43	63
n02814860_429.JPEG	16	0	44	63
n02814860_138.JPEG	14	3	51	63
n02814860_443.JPEG	25	10	36	45
n02814860_341.JPEG	13	8	26	61
n02814860_340.JPEG	43	23	54	55
n02814860_473.JPEG	9	19	13	31
n02814860_375.JPEG	28	8	34	33
n02814860_383.JPEG	19	5	44	62
n02814860_200.JPEG	8	5	58	63
n02814860_476.JPEG	3	0	24	47
n02814860_157.JPEG	13	19	17	31
n02814860_266.JPEG	3	0	63	63
n02814860_419.JPEG	29	7	37	41
n02814860_412.JPEG	35	0	53	55
n02814860_440.JPEG	16	0	45	63
n02814860_169.JPEG	36	0	59	36
n02814860_243.JPEG	25	6	35	18
n02814860_162.JPEG	25	11	39	63
n02814860_103.JPEG	33	35	37	46
n02814860_348.JPEG	12	0	42	63
n02814860_320.JPEG	46	33	51	54
n02814860_392.JPEG	30	1	38	28
n02814860_207.JPEG	27	6	60	45
n02814860_385.JPEG	25	0	35	38
n02814860_358.JPEG	30	0	51	63
n02814860_41.JPEG	16	0	39	59
n02814860_324.JPEG	36	12	46	38
n02814860_418.JPEG	26	15	42	63
n02814860_475.JPEG	15	2	28	61
n02814860_494.JPEG	8	28	13	44
n02814860_172.JPEG	11	0	42	62
n02814860_60.JPEG	39	20	62	63
n02814860_222.JPEG	5	0	42	63
n02814860_361.JPEG	24	9	41	42
n02814860_11.JPEG	30	10	47	63
n02814860_201.JPEG	0	6	11	54
n02814860_141.JPEG	43	33	51	63
n02814860_483.JPEG	15	1	48	63
n02814860_197.JPEG	21	0	41	63
n02814860_363.JPEG	27	23	38	57
n02814860_108.JPEG	0	3	24	36
n02814860_163.JPEG	27	9	45	52
n02814860_295.JPEG	2	0	55	63
n02814860_307.JPEG	6	0	26	49
n02814860_84.JPEG	23	9	28	24
n02814860_27.JPEG	27	3	38	41
n02814860_56.JPEG	44	3	55	41
n02814860_38.JPEG	6	0	25	52
n02814860_388.JPEG	8	0	27	31
n02814860_316.JPEG	21	7	41	63
n02814860_137.JPEG	25	11	50	63
n02814860_411.JPEG	18	4	26	21
n02814860_152.JPEG	13	18	22	33
n02814860_225.JPEG	24	2	44	59
n02814860_52.JPEG	38	0	52	49
n02814860_271.JPEG	10	4	51	63
n02814860_165.JPEG	40	12	55	63
n02814860_221.JPEG	38	1	59	63
n02814860_462.JPEG	15	0	40	63
n02814860_246.JPEG	38	1	63	61
n02814860_204.JPEG	33	31	40	54
n02814860_107.JPEG	35	1	49	60
n02814860_219.JPEG	11	0	61	63
n02814860_413.JPEG	0	9	4	38
n02814860_115.JPEG	34	15	53	48
n02814860_198.JPEG	13	0	52	63
n02814860_111.JPEG	34	0	52	61
n02814860_16.JPEG	16	0	46	63
n02814860_90.JPEG	33	5	48	61
n02814860_381.JPEG	48	1	63	37
n02814860_110.JPEG	0	5	0	9
n02814860_21.JPEG	0	9	0	44
n02814860_294.JPEG	8	1	38	63
n02814860_426.JPEG	0	4	35	63
n02814860_220.JPEG	1	27	5	37
n02814860_194.JPEG	19	10	39	63
n02814860_352.JPEG	14	3	28	24
n02814860_53.JPEG	22	6	43	63
n02814860_372.JPEG	10	0	57	63
n02814860_199.JPEG	17	0	49	55
n02814860_69.JPEG	30	0	38	15
n02814860_72.JPEG	49	4	59	31
n02814860_436.JPEG	15	10	37	63
n02814860_180.JPEG	17	18	28	49
n02814860_89.JPEG	27	6	34	30
n02814860_395.JPEG	41	20	51	31
n02814860_332.JPEG	19	11	33	41
n02814860_61.JPEG	25	0	38	60
n02814860_477.JPEG	21	0	45	49
n02814860_223.JPEG	31	4	45	48
n02814860_467.JPEG	35	3	56	60
n02814860_272.JPEG	41	10	60	52
n02814860_488.JPEG	21	0	45	63
n02814860_82.JPEG	4	5	21	46
n02814860_129.JPEG	2	12	14	52
n02814860_331.JPEG	23	6	41	56
n02814860_278.JPEG	34	4	59	51
n02814860_277.JPEG	30	12	37	42
n02814860_368.JPEG	36	15	58	62
n02814860_386.JPEG	23	21	36	54
n02814860_71.JPEG	3	6	16	43
n02814860_479.JPEG	18	0	53	63
n02814860_366.JPEG	31	25	43	49
n02814860_86.JPEG	28	20	32	32
n02814860_206.JPEG	9	12	21	53
n02814860_156.JPEG	16	7	32	49
n02814860_104.JPEG	49	1	63	57
n02814860_5.JPEG	59	30	63	58
n02814860_106.JPEG	32	0	50	48
n02814860_463.JPEG	8	2	20	61
n02814860_330.JPEG	5	0	57	63
n02814860_159.JPEG	11	13	15	20
n02814860_124.JPEG	38	8	55	60
n02814860_68.JPEG	29	15	42	53
n02814860_92.JPEG	11	0	30	63
n02814860_43.JPEG	29	9	40	63
n02814860_268.JPEG	48	17	60	53
n02814860_32.JPEG	27	7	40	53
n02814860_9.JPEG	44	16	56	63
n02814860_327.JPEG	37	5	48	55
n02814860_457.JPEG	29	22	63	63
n02814860_353.JPEG	22	11	44	51
n02814860_191.JPEG	16	0	46	56
n02814860_240.JPEG	46	0	63	51
n02814860_247.JPEG	31	1	53	40
n02814860_45.JPEG	7	16	20	45
n02814860_421.JPEG	17	21	29	49
n02814860_300.JPEG	4	0	19	63
n02814860_253.JPEG	20	0	44	63
n02814860_12.JPEG	38	22	44	40
n02814860_288.JPEG	32	31	38	46
n02814860_367.JPEG	40	45	45	63
n02814860_305.JPEG	51	2	62	47
n02814860_205.JPEG	13	16	20	41
n02814860_333.JPEG	20	0	44	63
n02814860_47.JPEG	14	0	31	63
n02814860_226.JPEG	13	9	27	61
n02814860_149.JPEG	31	1	63	63
n02814860_252.JPEG	42	0	61	60
n02814860_202.JPEG	37	9	48	46
n02814860_373.JPEG	0	9	12	53
n02814860_265.JPEG	18	1	30	59
n02814860_179.JPEG	39	0	58	33
n02814860_468.JPEG	35	3	63	63
n02814860_46.JPEG	33	15	38	40
n02814860_99.JPEG	32	2	47	34
n02814860_312.JPEG	28	0	63	63
n02814860_439.JPEG	54	3	56	13
n02814860_147.JPEG	17	11	27	63
n02814860_433.JPEG	7	1	56	63
n02814860_254.JPEG	21	0	44	63
n02814860_239.JPEG	21	0	48	44
n02814860_255.JPEG	10	3	42	63
n02814860_22.JPEG	45	18	49	38
n02814860_7.JPEG	35	8	46	56
n02814860_91.JPEG	23	8	35	47
n02814860_336.JPEG	23	2	56	63
n02814860_309.JPEG	22	0	50	63
n02814860_304.JPEG	15	17	21	34
n02814860_112.JPEG	7	0	58	63
n02814860_185.JPEG	26	4	37	61
n02814860_116.JPEG	35	6	50	51
n02814860_114.JPEG	27	0	33	13
n02814860_236.JPEG	23	4	35	46
n02814860_328.JPEG	20	9	33	49
n02814860_384.JPEG	14	6	30	41
n02814860_181.JPEG	19	0	36	50
n02814860_213.JPEG	43	7	48	35
n02814860_64.JPEG	25	8	41	53
n02814860_55.JPEG	26	0	43	63
n02814860_420.JPEG	33	9	58	61
n02814860_347.JPEG	31	17	37	46
n02814860_398.JPEG	35	15	53	63
n02814860_251.JPEG	23	0	44	63
n02814860_95.JPEG	0	1	18	48
n02814860_79.JPEG	39	13	45	31
n02814860_245.JPEG	41	10	51	44
n02814860_164.JPEG	34	0	51	63
n02814860_263.JPEG	22	8	29	33
n02814860_454.JPEG	42	0	56	63
n02814860_339.JPEG	10	8	37	51
n02814860_334.JPEG	8	1	26	43
n02814860_18.JPEG	35	0	50	63
n02814860_303.JPEG	30	0	51	59
n02814860_196.JPEG	20	0	43	63
n02814860_26.JPEG	20	5	35	56
n02814860_435.JPEG	28	0	52	47
n02814860_178.JPEG	10	6	51	58
n02814860_249.JPEG	22	8	42	54
n02814860_377.JPEG	8	2	21	25
n02814860_177.JPEG	24	0	43	63
n02814860_216.JPEG	25	4	34	54
n02814860_257.JPEG	9	3	23	55
n02814860_15.JPEG	47	6	58	49
n02814860_315.JPEG	6	0	59	63
n02814860_167.JPEG	20	8	31	35
n02814860_452.JPEG	3	17	20	52
n02814860_100.JPEG	52	5	63	44
n02814860_139.JPEG	2	0	63	63
n02814860_355.JPEG	25	0	36	33
n02814860_37.JPEG	48	4	59	34
n02814860_13.JPEG	26	0	44	63
n02814860_404.JPEG	0	11	26	58
n02814860_10.JPEG	58	6	63	35
n02814860_410.JPEG	11	2	25	63
n02814860_302.JPEG	54	7	58	28
n02814860_491.JPEG	0	13	7	60
n02814860_313.JPEG	23	8	32	50
n02814860_212.JPEG	13	0	36	63
n02814860_354.JPEG	47	40	51	57
n02814860_256.JPEG	29	17	40	51
n02814860_481.JPEG	46	7	63	57
n02814860_235.JPEG	34	18	46	44
n02814860_450.JPEG	46	22	50	34
n02814860_154.JPEG	29	0	38	36
n02814860_444.JPEG	28	6	36	40
val_1276.JPEG	27	13	38	49
val_5176.JPEG	40	14	45	31
val_2207.JPEG	37	29	46	56
val_7149.JPEG	36	0	63	63
val_3637.JPEG	27	21	47	63
val_4977.JPEG	46	9	59	59
val_3869.JPEG	55	17	60	35
val_329.JPEG	35	25	43	38
val_4437.JPEG	4	13	10	32
val_992.JPEG	46	3	50	15
val_4499.JPEG	25	0	40	62
val_7322.JPEG	7	9	26	63
val_9727.JPEG	23	0	44	56
val_2669.JPEG	44	0	63	63
val_5294.JPEG	13	0	48	63
val_512.JPEG	2	3	63	63
val_3883.JPEG	18	0	45	63
val_4416.JPEG	38	8	47	26
val_214.JPEG	15	0	55	63
val_7001.JPEG	34	6	46	56
val_9557.JPEG	27	15	38	39
val_2613.JPEG	5	10	16	49
val_6001.JPEG	55	7	63	36
val_8878.JPEG	4	16	11	37
val_2003.JPEG	5	5	17	42
val_3285.JPEG	25	2	38	35
val_7833.JPEG	13	1	18	14
val_1020.JPEG	12	8	19	34
val_9139.JPEG	28	19	36	42
val_2396.JPEG	49	8	60	55
val_9138.JPEG	31	0	46	63
val_8373.JPEG	0	0	27	58
val_9517.JPEG	10	2	35	47
val_7917.JPEG	12	17	24	53
val_918.JPEG	33	9	36	22
