n07873807_20.JPEG	0	4	62	60
n07873807_380.JPEG	0	3	63	59
n07873807_289.JPEG	0	0	63	63
n07873807_312.JPEG	5	6	63	61
n07873807_60.JPEG	0	0	63	63
n07873807_37.JPEG	0	8	62	62
n07873807_14.JPEG	0	9	63	63
n07873807_433.JPEG	0	6	63	55
n07873807_224.JPEG	0	9	63	45
n07873807_287.JPEG	0	0	63	63
n07873807_149.JPEG	0	0	63	63
n07873807_168.JPEG	0	0	63	63
n07873807_103.JPEG	0	12	62	55
n07873807_249.JPEG	0	16	63	53
n07873807_419.JPEG	0	2	63	45
n07873807_85.JPEG	0	5	63	63
n07873807_211.JPEG	24	30	39	63
n07873807_62.JPEG	0	0	63	63
n07873807_489.JPEG	0	12	63	59
n07873807_165.JPEG	0	1	59	62
n07873807_332.JPEG	0	5	63	60
n07873807_92.JPEG	0	0	63	56
n07873807_132.JPEG	0	4	63	63
n07873807_499.JPEG	0	6	63	60
n07873807_93.JPEG	0	9	63	61
n07873807_219.JPEG	0	1	63	63
n07873807_470.JPEG	0	2	63	62
n07873807_453.JPEG	0	6	63	54
n07873807_452.JPEG	1	0	63	63
n07873807_346.JPEG	0	13	63	60
n07873807_161.JPEG	0	9	63	63
n07873807_341.JPEG	0	2	63	63
n07873807_96.JPEG	0	3	63	53
n07873807_163.JPEG	18	0	63	21
n07873807_77.JPEG	2	13	62	56
n07873807_205.JPEG	0	11	63	63
n07873807_395.JPEG	0	5	62	63
n07873807_220.JPEG	0	0	63	63
n07873807_155.JPEG	9	0	63	63
n07873807_119.JPEG	5	4	42	52
n07873807_269.JPEG	0	13	63	63
n07873807_495.JPEG	0	1	63	63
n07873807_425.JPEG	3	7	60	61
n07873807_284.JPEG	0	1	63	63
n07873807_299.JPEG	0	5	63	63
n07873807_128.JPEG	0	1	63	63
n07873807_169.JPEG	0	30	63	62
n07873807_377.JPEG	0	32	63	63
n07873807_469.JPEG	0	7	58	60
n07873807_392.JPEG	0	0	63	63
n07873807_294.JPEG	0	0	63	63
n07873807_1.JPEG	0	39	63	63
n07873807_231.JPEG	7	24	63	54
n07873807_46.JPEG	0	4	63	63
n07873807_337.JPEG	1	3	63	55
n07873807_120.JPEG	0	16	63	60
n07873807_145.JPEG	3	10	53	60
n07873807_316.JPEG	0	0	63	63
n07873807_172.JPEG	0	5	63	63
n07873807_27.JPEG	0	0	63	63
n07873807_101.JPEG	0	0	63	63
n07873807_325.JPEG	14	39	57	48
n07873807_356.JPEG	0	5	58	60
n07873807_40.JPEG	0	2	63	63
n07873807_403.JPEG	0	13	63	61
n07873807_368.JPEG	0	0	63	63
n07873807_207.JPEG	2	4	62	59
n07873807_420.JPEG	0	0	63	63
n07873807_30.JPEG	0	0	63	63
n07873807_111.JPEG	0	2	63	63
n07873807_94.JPEG	0	3	63	63
n07873807_45.JPEG	4	3	63	57
n07873807_209.JPEG	6	1	63	63
n07873807_400.JPEG	0	11	63	63
n07873807_31.JPEG	0	3	63	63
n07873807_226.JPEG	0	0	63	63
n07873807_173.JPEG	0	0	63	59
n07873807_19.JPEG	8	3	54	61
n07873807_241.JPEG	0	2	63	61
n07873807_306.JPEG	0	0	63	62
n07873807_9.JPEG	0	3	63	63
n07873807_162.JPEG	0	10	63	58
n07873807_488.JPEG	0	6	63	63
n07873807_250.JPEG	0	5	63	58
n07873807_266.JPEG	1	5	63	63
n07873807_82.JPEG	0	2	63	59
n07873807_150.JPEG	0	1	63	63
n07873807_102.JPEG	0	8	63	62
n07873807_348.JPEG	0	11	63	63
n07873807_87.JPEG	2	7	63	63
n07873807_54.JPEG	18	16	56	54
n07873807_295.JPEG	0	16	63	59
n07873807_148.JPEG	0	6	63	50
n07873807_405.JPEG	0	21	63	60
n07873807_125.JPEG	0	0	63	63
n07873807_186.JPEG	0	5	63	62
n07873807_143.JPEG	0	28	63	63
n07873807_388.JPEG	0	5	63	63
n07873807_317.JPEG	0	0	63	59
n07873807_493.JPEG	1	0	63	63
n07873807_83.JPEG	0	1	63	63
n07873807_146.JPEG	5	4	58	58
n07873807_353.JPEG	11	25	44	42
n07873807_190.JPEG	0	9	63	62
n07873807_135.JPEG	0	0	63	63
n07873807_95.JPEG	0	9	63	61
n07873807_430.JPEG	0	2	63	61
n07873807_475.JPEG	0	7	63	57
n07873807_97.JPEG	0	13	62	59
n07873807_387.JPEG	0	3	59	63
n07873807_305.JPEG	0	2	63	62
n07873807_115.JPEG	0	5	63	59
n07873807_72.JPEG	0	1	63	63
n07873807_235.JPEG	0	5	63	63
n07873807_434.JPEG	0	3	63	63
n07873807_142.JPEG	14	21	63	59
n07873807_472.JPEG	0	6	63	56
n07873807_64.JPEG	0	10	63	56
n07873807_417.JPEG	0	0	63	63
n07873807_320.JPEG	0	2	63	63
n07873807_352.JPEG	9	28	63	63
n07873807_44.JPEG	0	6	63	63
n07873807_271.JPEG	0	1	63	63
n07873807_422.JPEG	0	0	63	63
n07873807_108.JPEG	0	9	63	44
n07873807_428.JPEG	0	6	63	62
n07873807_229.JPEG	0	2	63	63
n07873807_367.JPEG	0	1	63	63
n07873807_441.JPEG	3	37	63	58
n07873807_133.JPEG	4	7	63	52
n07873807_450.JPEG	0	4	63	60
n07873807_234.JPEG	0	4	63	54
n07873807_330.JPEG	0	4	63	61
n07873807_58.JPEG	22	8	63	55
n07873807_41.JPEG	0	2	63	63
n07873807_174.JPEG	0	2	63	63
n07873807_177.JPEG	0	0	63	63
n07873807_167.JPEG	0	1	63	63
n07873807_10.JPEG	0	9	63	63
n07873807_130.JPEG	0	17	63	61
n07873807_275.JPEG	11	23	63	51
n07873807_439.JPEG	2	14	63	63
n07873807_129.JPEG	0	10	63	61
n07873807_328.JPEG	0	0	63	63
n07873807_69.JPEG	0	5	63	63
n07873807_451.JPEG	1	3	55	58
n07873807_184.JPEG	0	3	63	62
n07873807_17.JPEG	0	4	63	59
n07873807_315.JPEG	0	7	63	61
n07873807_34.JPEG	0	10	63	52
n07873807_65.JPEG	0	9	63	63
n07873807_440.JPEG	0	0	63	63
n07873807_113.JPEG	0	1	63	59
n07873807_176.JPEG	0	1	63	56
n07873807_327.JPEG	0	16	63	44
n07873807_478.JPEG	0	15	63	53
n07873807_382.JPEG	1	20	56	62
n07873807_342.JPEG	0	4	63	59
n07873807_0.JPEG	0	6	63	61
n07873807_79.JPEG	2	18	63	62
n07873807_482.JPEG	0	9	63	60
n07873807_272.JPEG	4	3	63	61
n07873807_118.JPEG	0	3	63	60
n07873807_259.JPEG	15	12	62	54
n07873807_6.JPEG	0	14	63	60
n07873807_423.JPEG	0	0	63	63
n07873807_435.JPEG	0	20	21	29
n07873807_227.JPEG	1	14	63	63
n07873807_258.JPEG	3	10	61	58
n07873807_201.JPEG	0	5	63	45
n07873807_237.JPEG	6	19	63	50
n07873807_331.JPEG	0	1	61	62
n07873807_492.JPEG	0	6	63	60
n07873807_449.JPEG	0	0	63	63
n07873807_89.JPEG	0	1	63	63
n07873807_170.JPEG	0	4	63	62
n07873807_197.JPEG	0	0	63	63
n07873807_484.JPEG	1	5	63	56
n07873807_33.JPEG	0	1	63	61
n07873807_212.JPEG	0	5	63	57
n07873807_78.JPEG	0	20	63	63
n07873807_50.JPEG	1	3	55	63
n07873807_391.JPEG	0	2	63	63
n07873807_455.JPEG	0	19	63	63
n07873807_137.JPEG	11	13	58	51
n07873807_457.JPEG	0	5	63	63
n07873807_442.JPEG	0	10	63	61
n07873807_481.JPEG	0	7	63	63
n07873807_265.JPEG	0	10	63	58
n07873807_359.JPEG	0	1	63	63
n07873807_66.JPEG	0	4	63	63
n07873807_464.JPEG	1	11	63	63
n07873807_5.JPEG	1	0	63	63
n07873807_410.JPEG	1	31	63	63
n07873807_52.JPEG	4	8	58	63
n07873807_59.JPEG	0	3	63	62
n07873807_374.JPEG	0	10	63	52
n07873807_347.JPEG	0	0	63	62
n07873807_304.JPEG	0	36	63	63
n07873807_497.JPEG	20	24	49	42
n07873807_106.JPEG	28	16	63	52
n07873807_57.JPEG	0	1	63	62
n07873807_407.JPEG	0	2	63	62
n07873807_127.JPEG	0	10	63	57
n07873807_67.JPEG	0	2	63	63
n07873807_244.JPEG	0	1	63	63
n07873807_408.JPEG	5	2	53	63
n07873807_373.JPEG	0	12	63	59
n07873807_281.JPEG	0	11	63	60
n07873807_324.JPEG	1	0	63	59
n07873807_414.JPEG	0	4	63	63
n07873807_84.JPEG	1	7	63	58
n07873807_175.JPEG	16	0	63	63
n07873807_431.JPEG	7	6	63	57
n07873807_264.JPEG	0	1	63	59
n07873807_35.JPEG	0	4	63	63
n07873807_32.JPEG	0	14	63	60
n07873807_144.JPEG	0	10	63	62
n07873807_333.JPEG	0	41	63	63
n07873807_273.JPEG	0	0	63	63
n07873807_494.JPEG	0	16	63	63
n07873807_141.JPEG	0	16	63	62
n07873807_90.JPEG	0	1	63	63
n07873807_217.JPEG	0	6	63	60
n07873807_7.JPEG	0	8	63	49
n07873807_370.JPEG	33	1	63	63
n07873807_399.JPEG	0	1	63	62
n07873807_364.JPEG	0	0	63	63
n07873807_412.JPEG	0	3	63	63
n07873807_436.JPEG	0	14	63	59
n07873807_323.JPEG	0	0	63	63
n07873807_409.JPEG	24	6	61	26
n07873807_29.JPEG	3	19	63	63
n07873807_335.JPEG	0	1	63	57
n07873807_158.JPEG	16	45	62	63
n07873807_354.JPEG	0	11	63	59
n07873807_282.JPEG	0	9	63	63
n07873807_389.JPEG	0	17	63	51
n07873807_153.JPEG	0	6	63	61
n07873807_51.JPEG	6	10	63	60
n07873807_178.JPEG	1	0	63	63
n07873807_313.JPEG	7	26	63	56
n07873807_360.JPEG	0	10	63	53
n07873807_268.JPEG	0	13	63	63
n07873807_254.JPEG	0	2	63	62
n07873807_206.JPEG	0	0	63	63
n07873807_71.JPEG	0	0	56	59
n07873807_372.JPEG	0	1	63	62
n07873807_307.JPEG	3	11	63	62
n07873807_233.JPEG	2	3	63	62
n07873807_465.JPEG	0	13	49	55
n07873807_214.JPEG	0	5	63	61
n07873807_192.JPEG	13	29	63	58
n07873807_283.JPEG	0	2	63	60
n07873807_164.JPEG	0	4	63	62
n07873807_343.JPEG	0	2	63	63
n07873807_11.JPEG	0	2	63	61
n07873807_413.JPEG	0	1	63	63
n07873807_350.JPEG	0	12	47	63
n07873807_210.JPEG	0	2	63	52
n07873807_75.JPEG	0	0	63	63
n07873807_438.JPEG	0	13	63	63
n07873807_8.JPEG	0	1	63	63
n07873807_302.JPEG	0	14	63	63
n07873807_487.JPEG	0	10	63	63
n07873807_36.JPEG	0	1	63	63
n07873807_297.JPEG	0	6	63	62
n07873807_446.JPEG	0	6	63	59
n07873807_334.JPEG	0	8	63	61
n07873807_246.JPEG	5	10	60	63
n07873807_498.JPEG	0	17	61	58
n07873807_458.JPEG	0	8	63	60
n07873807_390.JPEG	1	23	63	63
n07873807_394.JPEG	0	4	63	62
n07873807_109.JPEG	0	1	63	63
n07873807_429.JPEG	1	3	59	60
n07873807_198.JPEG	0	16	51	63
n07873807_55.JPEG	0	5	63	63
n07873807_195.JPEG	1	35	61	63
n07873807_70.JPEG	0	6	60	60
n07873807_444.JPEG	1	0	63	63
n07873807_243.JPEG	0	0	63	63
n07873807_200.JPEG	2	6	63	59
n07873807_230.JPEG	0	0	63	63
n07873807_456.JPEG	19	25	60	56
n07873807_262.JPEG	0	5	63	63
n07873807_279.JPEG	0	3	63	59
n07873807_485.JPEG	0	14	49	37
n07873807_300.JPEG	0	7	63	63
n07873807_376.JPEG	6	13	63	55
n07873807_393.JPEG	0	8	63	63
n07873807_309.JPEG	0	5	63	58
n07873807_474.JPEG	0	0	63	63
n07873807_314.JPEG	0	3	49	55
n07873807_22.JPEG	0	6	63	62
n07873807_247.JPEG	0	17	63	63
n07873807_263.JPEG	2	10	63	61
n07873807_117.JPEG	0	20	63	60
n07873807_416.JPEG	0	4	63	51
n07873807_63.JPEG	0	21	63	63
n07873807_26.JPEG	0	1	63	63
n07873807_223.JPEG	0	1	63	63
n07873807_462.JPEG	12	28	63	37
n07873807_56.JPEG	0	8	63	46
n07873807_189.JPEG	0	0	63	63
n07873807_443.JPEG	0	1	63	63
n07873807_396.JPEG	0	7	63	63
n07873807_301.JPEG	0	0	63	63
n07873807_476.JPEG	0	1	63	63
n07873807_406.JPEG	0	1	63	63
n07873807_28.JPEG	0	1	63	63
n07873807_98.JPEG	0	13	63	60
n07873807_99.JPEG	0	2	63	63
n07873807_107.JPEG	0	0	63	62
n07873807_110.JPEG	0	0	63	63
n07873807_193.JPEG	0	11	63	58
n07873807_43.JPEG	0	2	59	60
n07873807_61.JPEG	1	11	63	63
n07873807_240.JPEG	6	28	60	54
n07873807_432.JPEG	0	1	63	63
n07873807_291.JPEG	0	4	63	63
n07873807_181.JPEG	0	4	63	62
n07873807_225.JPEG	0	2	63	63
n07873807_468.JPEG	0	7	63	58
n07873807_194.JPEG	0	1	62	50
n07873807_114.JPEG	2	16	54	51
n07873807_151.JPEG	0	4	63	63
n07873807_471.JPEG	4	42	46	63
n07873807_232.JPEG	0	11	63	63
n07873807_280.JPEG	2	7	63	56
n07873807_191.JPEG	0	8	63	58
n07873807_23.JPEG	0	1	63	63
n07873807_221.JPEG	0	12	63	59
n07873807_338.JPEG	0	4	63	58
n07873807_261.JPEG	1	29	62	63
n07873807_116.JPEG	0	2	63	59
n07873807_371.JPEG	0	11	32	34
n07873807_293.JPEG	0	15	63	63
n07873807_253.JPEG	0	7	63	57
n07873807_236.JPEG	0	1	63	58
n07873807_479.JPEG	0	4	63	60
n07873807_480.JPEG	0	3	63	63
n07873807_160.JPEG	0	8	63	57
n07873807_398.JPEG	5	1	63	63
n07873807_39.JPEG	8	17	63	57
n07873807_483.JPEG	0	0	63	63
n07873807_42.JPEG	1	9	63	63
n07873807_459.JPEG	0	4	63	62
n07873807_134.JPEG	2	34	63	63
n07873807_157.JPEG	9	11	63	49
val_8457.JPEG	0	10	63	63
val_466.JPEG	1	19	49	58
val_9848.JPEG	0	0	63	63
val_5586.JPEG	0	10	63	53
val_9099.JPEG	12	18	49	50
val_6266.JPEG	0	0	63	63
val_1488.JPEG	0	6	63	53
val_8777.JPEG	0	0	63	63
val_3070.JPEG	0	2	63	55
val_927.JPEG	0	24	63	63
val_8088.JPEG	0	2	63	63
val_3732.JPEG	0	1	63	63
val_3415.JPEG	0	0	63	63
val_7702.JPEG	0	5	63	59
val_8150.JPEG	0	0	63	63
val_4062.JPEG	5	37	24	49
val_2862.JPEG	0	1	63	63
val_6917.JPEG	0	8	63	57
val_3573.JPEG	0	5	63	55
val_7488.JPEG	0	5	63	63
val_6440.JPEG	0	6	63	63
val_3380.JPEG	0	2	63	63
val_1590.JPEG	4	9	56	62
val_6756.JPEG	12	28	48	54
val_2822.JPEG	3	0	63	63
val_2819.JPEG	0	5	63	63
val_1868.JPEG	12	17	55	48
val_9534.JPEG	4	12	63	59
val_8307.JPEG	0	16	63	61
val_9886.JPEG	0	0	63	63
val_1236.JPEG	0	7	63	59
val_3514.JPEG	0	2	63	60
val_9737.JPEG	0	6	63	63
val_1981.JPEG	0	5	63	62
val_2036.JPEG	0	4	63	59
