n02948072_90.JPEG	29	9	47	61
n02948072_267.JPEG	37	34	39	43
n02948072_93.JPEG	44	39	47	51
n02948072_309.JPEG	30	44	35	58
n02948072_286.JPEG	32	45	63	63
n02948072_322.JPEG	4	18	61	63
n02948072_290.JPEG	32	14	63	52
n02948072_45.JPEG	13	7	51	46
n02948072_342.JPEG	37	5	41	44
n02948072_354.JPEG	0	0	59	63
n02948072_465.JPEG	15	1	56	63
n02948072_172.JPEG	34	29	38	42
n02948072_204.JPEG	31	33	34	58
n02948072_293.JPEG	3	2	57	63
n02948072_163.JPEG	56	47	63	61
n02948072_393.JPEG	15	21	48	56
n02948072_177.JPEG	21	38	28	51
n02948072_31.JPEG	25	5	32	21
n02948072_220.JPEG	35	29	39	35
n02948072_264.JPEG	0	8	53	63
n02948072_244.JPEG	5	25	41	63
n02948072_371.JPEG	24	13	41	62
n02948072_418.JPEG	26	26	32	44
n02948072_43.JPEG	3	0	63	63
n02948072_20.JPEG	8	1	53	46
n02948072_334.JPEG	24	0	34	63
n02948072_102.JPEG	37	20	42	39
n02948072_483.JPEG	32	0	38	28
n02948072_63.JPEG	23	21	52	51
n02948072_78.JPEG	6	17	37	39
n02948072_388.JPEG	22	24	48	45
n02948072_94.JPEG	0	22	19	52
n02948072_113.JPEG	17	18	41	47
n02948072_315.JPEG	27	31	41	45
n02948072_424.JPEG	41	11	45	63
n02948072_255.JPEG	26	12	34	35
n02948072_65.JPEG	41	16	63	61
n02948072_179.JPEG	31	29	56	57
n02948072_455.JPEG	15	17	48	53
n02948072_258.JPEG	6	6	58	59
n02948072_430.JPEG	14	21	38	30
n02948072_46.JPEG	48	18	63	51
n02948072_171.JPEG	21	35	25	46
n02948072_157.JPEG	50	44	63	56
n02948072_231.JPEG	28	0	39	37
n02948072_214.JPEG	24	15	42	48
n02948072_278.JPEG	16	27	50	51
n02948072_118.JPEG	7	13	22	53
n02948072_36.JPEG	12	14	26	63
n02948072_308.JPEG	8	35	45	61
n02948072_153.JPEG	16	11	49	55
n02948072_360.JPEG	38	39	40	45
n02948072_246.JPEG	25	27	43	50
n02948072_143.JPEG	1	5	63	63
n02948072_205.JPEG	5	0	35	63
n02948072_438.JPEG	12	31	14	39
n02948072_491.JPEG	12	29	33	63
n02948072_134.JPEG	0	28	63	63
n02948072_344.JPEG	35	43	38	55
n02948072_39.JPEG	25	17	42	41
n02948072_440.JPEG	0	7	63	63
n02948072_182.JPEG	33	9	37	31
n02948072_71.JPEG	4	0	55	63
n02948072_211.JPEG	32	51	36	63
n02948072_87.JPEG	24	1	41	63
n02948072_401.JPEG	11	3	33	54
n02948072_58.JPEG	0	5	63	62
n02948072_481.JPEG	39	28	41	30
n02948072_72.JPEG	12	20	33	37
n02948072_67.JPEG	29	6	37	33
n02948072_281.JPEG	9	28	15	46
n02948072_383.JPEG	1	0	63	63
n02948072_117.JPEG	0	26	63	63
n02948072_200.JPEG	12	13	57	55
n02948072_331.JPEG	42	47	44	55
n02948072_129.JPEG	22	28	36	53
n02948072_176.JPEG	28	28	39	63
n02948072_285.JPEG	3	3	60	63
n02948072_248.JPEG	19	10	63	54
n02948072_421.JPEG	33	44	36	48
n02948072_497.JPEG	26	13	37	28
n02948072_22.JPEG	0	3	36	63
n02948072_396.JPEG	48	27	51	58
n02948072_389.JPEG	24	8	52	46
n02948072_473.JPEG	19	41	22	54
n02948072_372.JPEG	13	7	35	21
n02948072_472.JPEG	31	0	45	63
n02948072_287.JPEG	32	45	35	52
n02948072_120.JPEG	23	0	38	63
n02948072_272.JPEG	27	24	38	56
n02948072_320.JPEG	4	29	49	63
n02948072_53.JPEG	27	5	35	39
n02948072_479.JPEG	29	10	39	37
n02948072_297.JPEG	23	17	47	41
n02948072_197.JPEG	40	13	63	48
n02948072_162.JPEG	13	18	45	61
n02948072_105.JPEG	17	6	22	41
n02948072_433.JPEG	52	34	54	43
n02948072_291.JPEG	37	0	63	63
n02948072_191.JPEG	28	45	32	55
n02948072_492.JPEG	23	38	25	45
n02948072_83.JPEG	17	12	52	52
n02948072_269.JPEG	29	30	39	47
n02948072_447.JPEG	48	41	51	47
n02948072_166.JPEG	11	6	50	57
n02948072_252.JPEG	57	26	63	63
n02948072_470.JPEG	35	26	49	63
n02948072_158.JPEG	52	10	56	39
n02948072_478.JPEG	52	32	54	43
n02948072_133.JPEG	41	5	45	39
n02948072_425.JPEG	14	11	39	63
n02948072_259.JPEG	13	0	31	62
n02948072_27.JPEG	2	37	63	63
n02948072_225.JPEG	27	55	42	63
n02948072_457.JPEG	0	33	5	59
n02948072_443.JPEG	31	30	33	43
n02948072_115.JPEG	7	2	63	61
n02948072_19.JPEG	3	0	61	63
n02948072_235.JPEG	16	13	51	56
n02948072_3.JPEG	7	5	14	31
n02948072_376.JPEG	21	0	38	50
n02948072_139.JPEG	41	12	58	60
n02948072_330.JPEG	11	7	54	63
n02948072_280.JPEG	24	14	44	22
n02948072_335.JPEG	8	35	16	59
n02948072_187.JPEG	17	23	63	59
n02948072_122.JPEG	27	43	29	47
n02948072_327.JPEG	32	20	44	63
n02948072_51.JPEG	20	0	48	56
n02948072_107.JPEG	17	19	61	63
n02948072_161.JPEG	0	38	25	62
n02948072_198.JPEG	33	13	59	29
n02948072_24.JPEG	0	14	61	62
n02948072_450.JPEG	26	50	27	56
n02948072_345.JPEG	31	10	34	29
n02948072_458.JPEG	16	50	19	63
n02948072_108.JPEG	16	48	19	55
n02948072_403.JPEG	0	0	63	63
n02948072_124.JPEG	29	0	33	44
n02948072_11.JPEG	20	29	42	56
n02948072_183.JPEG	12	0	54	60
n02948072_277.JPEG	20	0	44	58
n02948072_12.JPEG	16	13	42	44
n02948072_23.JPEG	17	18	49	54
n02948072_178.JPEG	23	2	33	38
n02948072_54.JPEG	26	44	51	63
n02948072_310.JPEG	22	45	30	62
n02948072_410.JPEG	6	25	44	53
n02948072_89.JPEG	32	28	63	63
n02948072_380.JPEG	13	13	18	25
n02948072_471.JPEG	50	24	54	36
n02948072_77.JPEG	33	17	37	37
n02948072_137.JPEG	37	29	45	52
n02948072_104.JPEG	24	15	50	60
n02948072_476.JPEG	47	3	51	18
n02948072_346.JPEG	24	11	32	56
n02948072_448.JPEG	36	38	41	47
n02948072_301.JPEG	28	0	33	26
n02948072_181.JPEG	14	34	27	51
n02948072_37.JPEG	15	42	20	63
n02948072_434.JPEG	14	1	50	46
n02948072_374.JPEG	2	1	57	59
n02948072_131.JPEG	5	37	12	48
n02948072_110.JPEG	41	16	45	33
n02948072_251.JPEG	20	39	21	41
n02948072_66.JPEG	39	31	42	35
n02948072_1.JPEG	30	10	51	38
n02948072_48.JPEG	24	28	30	37
n02948072_219.JPEG	0	8	63	63
n02948072_402.JPEG	4	6	29	63
n02948072_233.JPEG	40	24	63	45
n02948072_116.JPEG	0	3	26	58
n02948072_203.JPEG	31	8	38	39
n02948072_333.JPEG	30	0	39	57
n02948072_42.JPEG	44	18	59	62
n02948072_435.JPEG	22	0	47	59
n02948072_218.JPEG	8	2	56	61
n02948072_366.JPEG	4	11	55	56
n02948072_109.JPEG	0	22	12	44
n02948072_294.JPEG	29	19	39	35
n02948072_356.JPEG	19	0	44	63
n02948072_236.JPEG	36	18	50	34
n02948072_16.JPEG	28	34	31	41
n02948072_363.JPEG	27	38	31	52
n02948072_195.JPEG	19	1	27	27
n02948072_398.JPEG	33	8	37	16
n02948072_91.JPEG	43	30	47	47
n02948072_359.JPEG	45	12	48	35
n02948072_299.JPEG	50	28	63	45
n02948072_362.JPEG	34	2	59	25
n02948072_100.JPEG	13	25	19	63
n02948072_485.JPEG	25	0	41	57
n02948072_416.JPEG	11	28	34	55
n02948072_221.JPEG	21	17	47	58
n02948072_160.JPEG	13	6	53	60
n02948072_26.JPEG	10	4	28	47
n02948072_55.JPEG	32	14	55	63
n02948072_247.JPEG	45	32	63	51
n02948072_98.JPEG	36	10	43	32
n02948072_79.JPEG	41	7	44	32
n02948072_431.JPEG	32	18	63	63
n02948072_386.JPEG	63	7	63	25
n02948072_365.JPEG	42	13	57	43
n02948072_323.JPEG	37	1	63	50
n02948072_369.JPEG	22	28	40	54
n02948072_352.JPEG	16	3	46	57
n02948072_68.JPEG	22	45	26	55
n02948072_329.JPEG	9	24	20	40
n02948072_498.JPEG	0	0	63	63
n02948072_390.JPEG	21	2	45	54
n02948072_355.JPEG	13	3	53	61
n02948072_445.JPEG	29	0	60	63
n02948072_213.JPEG	18	1	26	54
n02948072_400.JPEG	15	20	28	48
n02948072_196.JPEG	27	22	38	61
n02948072_127.JPEG	25	0	39	61
n02948072_193.JPEG	15	3	42	62
n02948072_239.JPEG	1	0	63	63
n02948072_387.JPEG	1	26	20	60
n02948072_5.JPEG	20	2	38	60
n02948072_180.JPEG	18	24	23	39
n02948072_128.JPEG	25	18	59	41
n02948072_460.JPEG	13	13	48	35
n02948072_190.JPEG	9	0	59	63
n02948072_392.JPEG	42	42	47	47
n02948072_368.JPEG	28	15	37	40
n02948072_317.JPEG	44	26	58	40
n02948072_145.JPEG	32	14	48	62
n02948072_111.JPEG	23	23	39	38
n02948072_284.JPEG	28	31	42	51
n02948072_391.JPEG	23	43	49	63
n02948072_451.JPEG	29	2	34	44
n02948072_82.JPEG	43	41	47	49
n02948072_223.JPEG	37	16	45	41
n02948072_456.JPEG	19	29	22	37
n02948072_81.JPEG	4	45	20	63
n02948072_314.JPEG	12	18	48	46
n02948072_169.JPEG	8	11	56	54
n02948072_409.JPEG	33	3	36	9
n02948072_175.JPEG	44	28	49	34
n02948072_427.JPEG	20	0	47	63
n02948072_270.JPEG	35	26	63	63
n02948072_76.JPEG	30	5	46	63
n02948072_484.JPEG	0	2	2	23
n02948072_148.JPEG	21	33	25	45
n02948072_303.JPEG	2	0	53	63
n02948072_328.JPEG	19	14	32	63
n02948072_238.JPEG	19	16	47	33
n02948072_92.JPEG	17	0	48	63
n02948072_173.JPEG	35	30	37	37
n02948072_378.JPEG	5	44	42	63
n02948072_412.JPEG	6	11	61	55
n02948072_62.JPEG	13	19	38	63
n02948072_64.JPEG	19	24	39	50
n02948072_80.JPEG	10	0	51	63
n02948072_75.JPEG	9	0	55	55
n02948072_482.JPEG	15	4	40	48
n02948072_0.JPEG	27	2	37	61
n02948072_150.JPEG	40	41	50	55
n02948072_17.JPEG	26	3	32	37
n02948072_147.JPEG	34	23	47	63
n02948072_351.JPEG	39	18	57	38
n02948072_192.JPEG	46	16	63	63
n02948072_121.JPEG	12	27	19	63
n02948072_40.JPEG	24	10	43	51
n02948072_230.JPEG	57	21	63	63
n02948072_170.JPEG	18	12	48	53
n02948072_275.JPEG	14	16	44	50
n02948072_209.JPEG	14	23	18	34
n02948072_295.JPEG	5	0	27	62
n02948072_60.JPEG	10	36	36	63
n02948072_394.JPEG	28	0	41	36
n02948072_114.JPEG	11	7	63	48
n02948072_10.JPEG	40	41	44	58
n02948072_437.JPEG	14	37	55	63
n02948072_306.JPEG	41	7	56	48
n02948072_385.JPEG	23	12	45	30
n02948072_241.JPEG	35	33	51	62
n02948072_486.JPEG	28	11	49	59
n02948072_441.JPEG	23	32	36	48
n02948072_28.JPEG	22	51	43	63
n02948072_300.JPEG	6	12	28	33
n02948072_338.JPEG	0	15	45	63
n02948072_234.JPEG	33	34	35	44
n02948072_222.JPEG	0	19	63	63
n02948072_253.JPEG	0	2	63	63
n02948072_208.JPEG	0	4	10	63
n02948072_321.JPEG	0	3	63	53
n02948072_70.JPEG	60	33	63	63
n02948072_343.JPEG	22	16	34	37
n02948072_463.JPEG	27	20	35	51
n02948072_404.JPEG	0	1	63	63
n02948072_318.JPEG	26	33	30	55
n02948072_13.JPEG	28	45	33	60
n02948072_361.JPEG	19	0	30	24
n02948072_144.JPEG	43	11	47	30
n02948072_439.JPEG	22	24	40	34
n02948072_353.JPEG	0	21	9	63
n02948072_426.JPEG	25	22	38	63
n02948072_428.JPEG	11	41	15	51
n02948072_74.JPEG	30	31	32	38
n02948072_348.JPEG	17	5	46	62
n02948072_84.JPEG	40	50	44	58
n02948072_337.JPEG	13	15	21	36
n02948072_495.JPEG	5	52	11	58
n02948072_413.JPEG	24	34	29	48
n02948072_332.JPEG	0	12	63	63
n02948072_194.JPEG	7	31	63	63
n02948072_490.JPEG	35	3	63	36
n02948072_411.JPEG	8	30	13	48
n02948072_262.JPEG	10	9	56	63
n02948072_2.JPEG	30	45	31	48
n02948072_282.JPEG	48	40	51	49
n02948072_381.JPEG	12	0	51	59
n02948072_493.JPEG	0	37	23	63
n02948072_420.JPEG	6	0	58	39
n02948072_29.JPEG	0	1	32	33
n02948072_313.JPEG	5	3	61	63
n02948072_432.JPEG	2	0	63	63
n02948072_57.JPEG	28	42	34	52
n02948072_487.JPEG	33	0	51	42
n02948072_21.JPEG	9	8	14	63
n02948072_461.JPEG	24	22	29	51
n02948072_186.JPEG	17	11	63	60
n02948072_106.JPEG	34	26	43	45
n02948072_138.JPEG	16	30	47	55
n02948072_488.JPEG	0	4	31	57
n02948072_266.JPEG	44	26	52	35
n02948072_311.JPEG	0	9	20	63
n02948072_229.JPEG	24	31	45	61
n02948072_25.JPEG	41	0	63	63
n02948072_477.JPEG	21	14	46	55
n02948072_97.JPEG	7	1	15	59
n02948072_8.JPEG	22	39	29	56
n02948072_260.JPEG	32	14	54	63
n02948072_154.JPEG	15	0	30	29
n02948072_44.JPEG	20	0	45	16
n02948072_358.JPEG	11	19	39	43
n02948072_33.JPEG	6	18	37	63
n02948072_452.JPEG	13	10	51	60
n02948072_130.JPEG	30	0	33	1
n02948072_444.JPEG	30	24	32	32
n02948072_271.JPEG	21	33	25	49
n02948072_364.JPEG	29	3	33	10
n02948072_405.JPEG	12	4	27	30
n02948072_167.JPEG	47	32	55	54
n02948072_494.JPEG	6	23	48	62
n02948072_151.JPEG	21	43	30	63
n02948072_468.JPEG	15	6	47	63
n02948072_347.JPEG	27	38	33	63
val_6005.JPEG	11	0	53	63
val_9790.JPEG	33	5	63	57
val_770.JPEG	19	30	24	42
val_9985.JPEG	24	8	40	43
val_7060.JPEG	24	43	29	49
val_1249.JPEG	33	31	35	49
val_5566.JPEG	11	37	18	62
val_3541.JPEG	27	6	37	19
val_90.JPEG	35	42	38	47
val_7360.JPEG	8	36	59	63
val_1024.JPEG	25	24	31	40
val_3080.JPEG	27	0	34	44
val_9171.JPEG	24	4	39	50
val_7357.JPEG	49	15	55	52
val_5923.JPEG	0	11	20	33
val_9900.JPEG	19	51	21	55
val_8042.JPEG	18	0	32	41
val_9079.JPEG	45	23	63	52
val_9846.JPEG	12	21	53	63
val_528.JPEG	12	1	55	31
val_4835.JPEG	27	45	43	63
val_2271.JPEG	13	9	45	63
val_2612.JPEG	20	6	38	41
val_7646.JPEG	25	42	34	59
val_4229.JPEG	11	40	14	45
val_1650.JPEG	35	8	46	36
val_5295.JPEG	1	17	6	38
val_9335.JPEG	18	19	40	41
val_6821.JPEG	34	36	35	41
val_194.JPEG	7	12	42	57
val_7207.JPEG	33	19	46	34
val_1189.JPEG	33	0	46	45
val_8806.JPEG	25	0	44	39
val_3643.JPEG	20	37	45	63
val_8364.JPEG	18	15	42	29
