n09193705_43.JPEG	21	29	59	43
n09193705_204.JPEG	0	22	63	63
n09193705_30.JPEG	0	16	63	35
n09193705_313.JPEG	58	35	63	61
n09193705_404.JPEG	0	9	57	43
n09193705_245.JPEG	0	0	63	63
n09193705_411.JPEG	0	8	47	22
n09193705_53.JPEG	0	20	63	40
n09193705_75.JPEG	0	23	57	63
n09193705_159.JPEG	0	23	63	39
n09193705_136.JPEG	0	0	63	63
n09193705_391.JPEG	0	48	63	63
n09193705_36.JPEG	0	3	54	16
n09193705_145.JPEG	0	12	63	63
n09193705_306.JPEG	11	6	63	24
n09193705_390.JPEG	0	7	63	53
n09193705_386.JPEG	0	18	33	38
n09193705_276.JPEG	0	23	63	34
n09193705_455.JPEG	0	18	63	63
n09193705_203.JPEG	27	5	63	36
n09193705_63.JPEG	0	24	63	42
n09193705_318.JPEG	0	12	63	63
n09193705_256.JPEG	0	16	63	54
n09193705_335.JPEG	0	3	63	63
n09193705_52.JPEG	1	0	63	20
n09193705_410.JPEG	0	6	22	32
n09193705_225.JPEG	0	20	17	36
n09193705_330.JPEG	0	0	63	63
n09193705_89.JPEG	2	10	10	20
n09193705_135.JPEG	0	1	51	46
n09193705_405.JPEG	0	15	63	63
n09193705_189.JPEG	0	16	59	45
n09193705_28.JPEG	9	38	63	63
n09193705_409.JPEG	0	1	63	42
n09193705_166.JPEG	0	6	52	40
n09193705_270.JPEG	0	14	63	32
n09193705_303.JPEG	0	14	63	63
n09193705_319.JPEG	0	21	63	48
n09193705_81.JPEG	0	12	42	37
n09193705_326.JPEG	0	17	63	40
n09193705_172.JPEG	0	18	19	35
n09193705_46.JPEG	0	10	63	40
n09193705_402.JPEG	0	1	63	63
n09193705_107.JPEG	0	18	63	63
n09193705_119.JPEG	0	17	63	63
n09193705_292.JPEG	0	1	63	38
n09193705_435.JPEG	0	9	63	63
n09193705_480.JPEG	54	7	63	15
n09193705_279.JPEG	0	7	63	63
n09193705_176.JPEG	0	26	63	49
n09193705_116.JPEG	0	5	63	29
n09193705_83.JPEG	0	27	63	50
n09193705_74.JPEG	0	15	63	63
n09193705_205.JPEG	19	15	48	32
n09193705_1.JPEG	0	28	63	63
n09193705_147.JPEG	0	1	63	63
n09193705_475.JPEG	0	0	63	47
n09193705_249.JPEG	0	1	63	29
n09193705_341.JPEG	0	28	63	63
n09193705_254.JPEG	52	4	63	24
n09193705_45.JPEG	0	21	63	50
n09193705_5.JPEG	1	3	61	33
n09193705_20.JPEG	0	10	63	25
n09193705_79.JPEG	0	34	63	55
n09193705_298.JPEG	0	10	63	42
n09193705_350.JPEG	0	10	63	63
n09193705_38.JPEG	0	0	63	63
n09193705_441.JPEG	0	6	63	34
n09193705_382.JPEG	0	1	63	63
n09193705_7.JPEG	0	2	63	63
n09193705_190.JPEG	0	14	63	34
n09193705_436.JPEG	0	14	63	55
n09193705_226.JPEG	0	25	0	32
n09193705_230.JPEG	15	9	63	63
n09193705_122.JPEG	0	10	63	48
n09193705_84.JPEG	0	8	56	42
n09193705_416.JPEG	42	12	57	21
n09193705_198.JPEG	10	4	37	18
n09193705_184.JPEG	0	0	63	63
n09193705_339.JPEG	1	0	63	24
n09193705_332.JPEG	37	6	47	9
n09193705_34.JPEG	31	35	43	46
n09193705_444.JPEG	0	9	63	63
n09193705_235.JPEG	29	16	63	27
n09193705_54.JPEG	0	0	63	63
n09193705_128.JPEG	0	10	63	41
n09193705_33.JPEG	0	28	63	58
n09193705_449.JPEG	0	5	63	63
n09193705_457.JPEG	0	0	63	23
n09193705_423.JPEG	0	9	63	63
n09193705_498.JPEG	22	5	63	43
n09193705_400.JPEG	0	13	63	63
n09193705_477.JPEG	0	9	63	38
n09193705_216.JPEG	0	26	6	37
n09193705_401.JPEG	0	13	63	63
n09193705_168.JPEG	0	21	63	42
n09193705_218.JPEG	0	15	63	48
n09193705_82.JPEG	43	17	63	42
n09193705_437.JPEG	0	15	63	63
n09193705_265.JPEG	28	9	58	29
n09193705_424.JPEG	40	20	63	35
n09193705_171.JPEG	16	20	31	27
n09193705_489.JPEG	14	2	63	41
n09193705_86.JPEG	0	12	63	61
n09193705_234.JPEG	0	12	63	33
n09193705_237.JPEG	16	10	36	21
n09193705_337.JPEG	0	1	63	50
n09193705_200.JPEG	0	5	63	36
n09193705_228.JPEG	39	13	56	23
n09193705_376.JPEG	0	31	63	63
n09193705_175.JPEG	12	14	21	17
n09193705_232.JPEG	34	11	60	19
n09193705_214.JPEG	0	6	63	63
n09193705_183.JPEG	15	10	63	21
n09193705_68.JPEG	0	0	39	42
n09193705_360.JPEG	39	17	63	25
n09193705_467.JPEG	37	28	63	52
n09193705_259.JPEG	0	34	63	63
n09193705_106.JPEG	0	0	63	40
n09193705_242.JPEG	63	21	63	26
n09193705_19.JPEG	0	17	42	39
n09193705_40.JPEG	0	29	63	63
n09193705_367.JPEG	0	1	63	63
n09193705_246.JPEG	19	4	33	11
n09193705_285.JPEG	0	5	63	63
n09193705_64.JPEG	0	0	63	63
n09193705_133.JPEG	0	19	63	63
n09193705_428.JPEG	0	29	63	63
n09193705_142.JPEG	0	7	16	14
n09193705_255.JPEG	0	10	63	41
n09193705_156.JPEG	42	13	63	36
n09193705_296.JPEG	0	12	61	40
n09193705_408.JPEG	0	7	63	46
n09193705_431.JPEG	0	5	63	56
n09193705_364.JPEG	27	4	63	13
n09193705_236.JPEG	0	17	63	48
n09193705_72.JPEG	0	13	63	63
n09193705_29.JPEG	32	13	63	24
n09193705_486.JPEG	0	1	63	63
n09193705_362.JPEG	0	0	63	50
n09193705_297.JPEG	0	0	63	23
n09193705_41.JPEG	0	9	63	63
n09193705_127.JPEG	0	2	63	63
n09193705_201.JPEG	0	0	29	6
n09193705_212.JPEG	0	0	63	63
n09193705_160.JPEG	0	35	63	57
n09193705_493.JPEG	14	4	39	9
n09193705_253.JPEG	0	6	63	31
n09193705_55.JPEG	0	7	0	13
n09193705_42.JPEG	0	4	63	28
n09193705_393.JPEG	46	0	63	13
n09193705_110.JPEG	1	24	63	63
n09193705_358.JPEG	50	22	61	29
n09193705_346.JPEG	0	0	63	63
n09193705_13.JPEG	0	2	63	24
n09193705_129.JPEG	0	11	63	39
n09193705_87.JPEG	40	14	62	17
n09193705_78.JPEG	0	19	63	63
n09193705_459.JPEG	0	16	63	63
n09193705_426.JPEG	0	16	63	51
n09193705_178.JPEG	0	33	63	38
n09193705_16.JPEG	0	8	63	63
n09193705_446.JPEG	0	12	63	63
n09193705_351.JPEG	0	1	37	21
n09193705_433.JPEG	10	15	63	49
n09193705_485.JPEG	25	21	61	48
n09193705_324.JPEG	15	28	63	36
n09193705_96.JPEG	0	0	63	48
n09193705_374.JPEG	0	6	63	63
n09193705_451.JPEG	0	17	63	63
n09193705_413.JPEG	0	10	63	42
n09193705_264.JPEG	0	0	63	47
n09193705_307.JPEG	20	7	63	40
n09193705_356.JPEG	0	4	27	33
n09193705_439.JPEG	42	7	63	18
n09193705_483.JPEG	1	0	63	24
n09193705_494.JPEG	0	14	31	32
n09193705_425.JPEG	0	7	63	63
n09193705_182.JPEG	0	25	63	44
n09193705_293.JPEG	21	13	63	63
n09193705_65.JPEG	0	0	63	33
n09193705_9.JPEG	0	10	63	63
n09193705_274.JPEG	0	18	63	46
n09193705_114.JPEG	17	16	63	40
n09193705_344.JPEG	22	23	58	35
n09193705_10.JPEG	0	37	63	63
n09193705_143.JPEG	0	22	41	52
n09193705_49.JPEG	0	8	63	30
n09193705_317.JPEG	0	32	63	50
n09193705_181.JPEG	0	11	38	37
n09193705_241.JPEG	0	9	63	38
n09193705_397.JPEG	0	1	63	63
n09193705_395.JPEG	0	9	63	63
n09193705_186.JPEG	0	0	63	48
n09193705_286.JPEG	0	7	63	53
n09193705_17.JPEG	0	10	63	63
n09193705_93.JPEG	0	10	63	49
n09193705_273.JPEG	12	0	63	63
n09193705_440.JPEG	0	4	63	49
n09193705_302.JPEG	0	13	63	45
n09193705_194.JPEG	0	8	63	37
n09193705_461.JPEG	0	23	63	63
n09193705_368.JPEG	0	32	63	63
n09193705_217.JPEG	0	23	63	40
n09193705_252.JPEG	0	5	63	63
n09193705_206.JPEG	0	0	63	24
n09193705_137.JPEG	0	1	63	63
n09193705_39.JPEG	0	3	63	56
n09193705_262.JPEG	0	19	63	50
n09193705_155.JPEG	0	0	63	38
n09193705_495.JPEG	0	3	63	54
n09193705_76.JPEG	0	2	63	63
n09193705_340.JPEG	0	17	63	63
n09193705_336.JPEG	0	7	63	57
n09193705_385.JPEG	0	0	63	23
n09193705_380.JPEG	0	1	63	40
n09193705_443.JPEG	0	15	63	63
n09193705_379.JPEG	1	8	33	26
n09193705_73.JPEG	0	32	63	53
n09193705_141.JPEG	0	0	63	49
n09193705_289.JPEG	37	20	56	30
n09193705_488.JPEG	0	15	63	37
n09193705_196.JPEG	0	7	63	45
n09193705_414.JPEG	0	17	63	63
n09193705_32.JPEG	0	9	63	51
n09193705_100.JPEG	0	13	63	63
n09193705_248.JPEG	0	29	26	43
n09193705_117.JPEG	0	9	63	63
n09193705_308.JPEG	0	21	63	63
n09193705_465.JPEG	0	34	63	63
n09193705_282.JPEG	0	4	63	33
n09193705_389.JPEG	0	7	63	63
n09193705_187.JPEG	0	22	63	63
n09193705_452.JPEG	37	0	63	3
n09193705_67.JPEG	0	1	63	63
n09193705_92.JPEG	0	12	63	35
n09193705_492.JPEG	0	19	63	35
n09193705_263.JPEG	3	0	63	36
n09193705_371.JPEG	0	31	63	63
n09193705_300.JPEG	0	5	63	34
n09193705_333.JPEG	8	34	63	45
n09193705_357.JPEG	0	7	0	9
n09193705_445.JPEG	0	9	63	42
n09193705_140.JPEG	0	18	63	63
n09193705_466.JPEG	0	30	12	42
n09193705_266.JPEG	0	12	63	27
n09193705_240.JPEG	0	12	59	63
n09193705_399.JPEG	4	20	20	28
n09193705_305.JPEG	0	45	36	63
n09193705_58.JPEG	57	2	63	12
n09193705_417.JPEG	0	1	63	49
n09193705_144.JPEG	0	9	54	34
n09193705_109.JPEG	0	15	63	54
n09193705_482.JPEG	56	8	63	29
n09193705_57.JPEG	7	13	53	36
n09193705_325.JPEG	7	20	34	31
n09193705_115.JPEG	0	1	63	63
n09193705_284.JPEG	0	3	63	63
n09193705_343.JPEG	0	18	63	42
n09193705_338.JPEG	0	18	34	41
n09193705_15.JPEG	19	7	63	21
n09193705_238.JPEG	0	17	63	46
n09193705_471.JPEG	0	3	63	63
n09193705_361.JPEG	9	22	29	31
n09193705_227.JPEG	0	20	48	39
n09193705_250.JPEG	0	1	63	16
n09193705_146.JPEG	0	41	63	63
n09193705_138.JPEG	0	10	63	42
n09193705_162.JPEG	0	9	63	40
n09193705_365.JPEG	0	16	63	63
n09193705_199.JPEG	0	19	63	52
n09193705_396.JPEG	58	21	63	29
n09193705_421.JPEG	0	22	63	44
n09193705_429.JPEG	0	15	21	30
n09193705_359.JPEG	0	13	18	40
n09193705_197.JPEG	2	0	30	0
n09193705_51.JPEG	7	16	45	32
n09193705_118.JPEG	14	0	63	18
n09193705_295.JPEG	0	3	48	24
n09193705_352.JPEG	0	8	63	54
n09193705_11.JPEG	0	29	63	53
n09193705_321.JPEG	0	7	63	63
n09193705_158.JPEG	0	32	63	63
n09193705_320.JPEG	0	0	63	58
n09193705_244.JPEG	0	8	10	56
n09193705_50.JPEG	0	16	63	63
n09193705_80.JPEG	0	6	63	39
n09193705_18.JPEG	0	2	63	56
n09193705_271.JPEG	0	28	63	63
n09193705_484.JPEG	1	0	63	55
n09193705_342.JPEG	0	12	63	63
n09193705_224.JPEG	9	20	61	31
n09193705_316.JPEG	0	16	29	32
n09193705_299.JPEG	0	13	63	63
n09193705_375.JPEG	21	16	61	27
n09193705_407.JPEG	0	0	63	21
n09193705_125.JPEG	0	3	63	33
n09193705_123.JPEG	0	0	63	63
n09193705_491.JPEG	0	7	63	20
n09193705_211.JPEG	34	2	63	19
n09193705_148.JPEG	0	22	50	44
n09193705_47.JPEG	51	0	63	0
n09193705_458.JPEG	2	20	30	32
n09193705_456.JPEG	16	14	34	23
n09193705_366.JPEG	39	9	63	25
n09193705_174.JPEG	39	14	61	23
n09193705_66.JPEG	42	13	63	47
n09193705_104.JPEG	0	11	63	50
n09193705_97.JPEG	0	1	63	35
n09193705_193.JPEG	48	11	63	42
n09193705_487.JPEG	0	12	63	58
n09193705_108.JPEG	34	12	58	19
n09193705_48.JPEG	0	9	63	24
n09193705_210.JPEG	0	12	63	63
n09193705_31.JPEG	0	1	63	28
n09193705_185.JPEG	0	27	63	63
n09193705_131.JPEG	0	10	63	55
n09193705_355.JPEG	0	10	46	46
n09193705_167.JPEG	0	0	63	63
n09193705_383.JPEG	42	15	63	23
n09193705_323.JPEG	0	0	63	63
n09193705_124.JPEG	0	8	63	33
n09193705_71.JPEG	0	14	63	40
n09193705_474.JPEG	2	15	62	33
n09193705_490.JPEG	0	1	63	63
n09193705_347.JPEG	0	6	63	63
n09193705_373.JPEG	0	11	63	38
n09193705_267.JPEG	0	14	63	52
n09193705_288.JPEG	0	9	17	39
n09193705_56.JPEG	0	1	63	63
n09193705_195.JPEG	10	23	49	48
n09193705_278.JPEG	12	1	63	49
n09193705_354.JPEG	0	2	63	63
n09193705_169.JPEG	14	17	63	26
n09193705_150.JPEG	24	15	63	45
n09193705_77.JPEG	0	23	63	36
n09193705_221.JPEG	0	2	63	63
n09193705_126.JPEG	0	3	63	55
n09193705_229.JPEG	0	0	63	63
n09193705_161.JPEG	0	13	63	63
n09193705_497.JPEG	0	24	63	63
n09193705_370.JPEG	0	7	63	55
n09193705_268.JPEG	0	18	63	37
n09193705_369.JPEG	0	24	63	49
n09193705_301.JPEG	0	5	63	63
n09193705_349.JPEG	41	13	63	23
n09193705_130.JPEG	0	1	63	14
n09193705_188.JPEG	8	9	63	33
n09193705_311.JPEG	0	1	63	30
n09193705_251.JPEG	1	17	63	30
val_3895.JPEG	0	28	63	42
val_2595.JPEG	56	1	63	11
val_9110.JPEG	0	32	63	63
val_7806.JPEG	30	1	62	13
val_106.JPEG	5	9	18	26
val_6734.JPEG	37	28	63	45
val_8871.JPEG	0	1	63	63
val_8109.JPEG	0	27	63	42
val_7889.JPEG	1	0	63	63
val_3385.JPEG	0	0	63	59
val_4238.JPEG	0	4	51	37
val_8561.JPEG	0	9	63	36
val_1277.JPEG	7	2	63	19
val_5493.JPEG	12	14	63	63
val_9369.JPEG	57	18	63	27
val_8519.JPEG	0	19	63	63
val_980.JPEG	0	22	63	49
val_6091.JPEG	0	14	63	44
val_3401.JPEG	0	4	63	44
val_8876.JPEG	0	19	63	63
val_9169.JPEG	0	12	63	51
val_548.JPEG	0	0	63	18
val_3812.JPEG	0	0	63	63
val_6970.JPEG	27	28	63	50
val_8160.JPEG	0	6	47	30
val_425.JPEG	0	19	62	40
val_6780.JPEG	7	7	29	24
val_1855.JPEG	0	20	63	28
val_460.JPEG	0	0	63	63
val_3639.JPEG	0	10	63	50
val_809.JPEG	0	1	63	40
val_9304.JPEG	0	0	63	58
val_8578.JPEG	0	36	63	63
val_9283.JPEG	0	1	63	63
val_4079.JPEG	1	16	20	27
