n02106662_218.JPEG	4	28	22	43
n02106662_489.JPEG	12	0	63	63
n02106662_72.JPEG	22	1	55	63
n02106662_404.JPEG	14	2	63	63
n02106662_231.JPEG	22	16	55	42
n02106662_297.JPEG	2	16	61	49
n02106662_479.JPEG	26	29	41	46
n02106662_254.JPEG	9	15	44	60
n02106662_130.JPEG	15	1	43	45
n02106662_333.JPEG	4	7	42	43
n02106662_260.JPEG	0	8	63	51
n02106662_156.JPEG	0	3	63	63
n02106662_318.JPEG	0	8	63	63
n02106662_476.JPEG	3	1	63	63
n02106662_450.JPEG	13	0	61	63
n02106662_409.JPEG	20	9	63	57
n02106662_151.JPEG	0	8	63	53
n02106662_81.JPEG	28	13	52	52
n02106662_373.JPEG	19	19	39	63
n02106662_57.JPEG	23	5	54	53
n02106662_337.JPEG	1	22	42	63
n02106662_341.JPEG	5	22	45	63
n02106662_73.JPEG	0	2	56	63
n02106662_354.JPEG	12	0	63	63
n02106662_290.JPEG	21	0	51	59
n02106662_167.JPEG	0	0	62	63
n02106662_310.JPEG	10	9	52	63
n02106662_417.JPEG	57	2	63	63
n02106662_213.JPEG	26	23	63	59
n02106662_89.JPEG	19	9	55	41
n02106662_44.JPEG	17	4	61	62
n02106662_370.JPEG	0	0	63	60
n02106662_499.JPEG	6	0	63	56
n02106662_453.JPEG	0	24	22	57
n02106662_42.JPEG	12	11	63	38
n02106662_63.JPEG	0	16	46	59
n02106662_33.JPEG	0	13	37	56
n02106662_315.JPEG	20	5	46	56
n02106662_164.JPEG	12	10	63	55
n02106662_105.JPEG	0	24	22	44
n02106662_383.JPEG	11	6	62	54
n02106662_416.JPEG	1	0	63	63
n02106662_4.JPEG	1	1	59	60
n02106662_389.JPEG	0	5	63	61
n02106662_155.JPEG	9	0	63	63
n02106662_253.JPEG	10	17	63	62
n02106662_462.JPEG	0	0	63	63
n02106662_441.JPEG	0	2	58	63
n02106662_250.JPEG	21	25	63	62
n02106662_442.JPEG	0	8	63	60
n02106662_392.JPEG	2	4	63	63
n02106662_141.JPEG	33	7	63	63
n02106662_68.JPEG	11	0	55	63
n02106662_137.JPEG	0	8	57	63
n02106662_174.JPEG	7	0	63	60
n02106662_169.JPEG	40	32	63	48
n02106662_11.JPEG	0	8	62	63
n02106662_22.JPEG	20	13	57	60
n02106662_468.JPEG	11	5	63	63
n02106662_120.JPEG	0	2	63	61
n02106662_477.JPEG	23	26	45	41
n02106662_202.JPEG	17	0	51	57
n02106662_126.JPEG	30	1	63	63
n02106662_133.JPEG	11	28	46	63
n02106662_176.JPEG	3	0	37	63
n02106662_439.JPEG	0	2	54	63
n02106662_343.JPEG	0	5	63	59
n02106662_121.JPEG	12	0	49	63
n02106662_329.JPEG	0	1	63	63
n02106662_275.JPEG	36	28	63	63
n02106662_388.JPEG	20	23	58	48
n02106662_323.JPEG	24	16	63	46
n02106662_407.JPEG	0	5	63	63
n02106662_372.JPEG	9	0	52	59
n02106662_274.JPEG	1	0	58	63
n02106662_183.JPEG	3	7	63	63
n02106662_268.JPEG	23	25	36	39
n02106662_340.JPEG	0	0	27	63
n02106662_496.JPEG	0	1	50	58
n02106662_56.JPEG	1	1	62	63
n02106662_296.JPEG	0	15	51	63
n02106662_377.JPEG	1	0	63	63
n02106662_421.JPEG	5	0	63	63
n02106662_163.JPEG	30	0	61	63
n02106662_280.JPEG	9	3	63	63
n02106662_225.JPEG	9	0	61	63
n02106662_317.JPEG	0	2	63	60
n02106662_48.JPEG	23	20	59	63
n02106662_119.JPEG	19	16	56	47
n02106662_488.JPEG	20	6	54	54
n02106662_10.JPEG	29	0	61	56
n02106662_197.JPEG	35	5	63	63
n02106662_356.JPEG	19	4	52	59
n02106662_147.JPEG	0	38	20	63
n02106662_300.JPEG	13	6	63	61
n02106662_134.JPEG	1	0	57	63
n02106662_374.JPEG	0	3	63	63
n02106662_124.JPEG	6	21	61	51
n02106662_84.JPEG	1	8	63	57
n02106662_287.JPEG	0	2	63	60
n02106662_456.JPEG	20	3	63	54
n02106662_458.JPEG	2	4	61	63
n02106662_135.JPEG	0	6	63	58
n02106662_74.JPEG	0	0	63	63
n02106662_449.JPEG	0	8	63	62
n02106662_98.JPEG	3	24	63	47
n02106662_291.JPEG	0	18	63	52
n02106662_182.JPEG	7	0	58	63
n02106662_322.JPEG	34	15	63	63
n02106662_406.JPEG	31	37	52	59
n02106662_454.JPEG	1	12	52	58
n02106662_474.JPEG	12	3	52	63
n02106662_187.JPEG	4	13	27	59
n02106662_36.JPEG	5	7	55	63
n02106662_264.JPEG	0	5	62	63
n02106662_367.JPEG	0	28	29	63
n02106662_295.JPEG	0	2	63	61
n02106662_132.JPEG	0	0	59	63
n02106662_490.JPEG	0	1	63	63
n02106662_445.JPEG	13	7	40	63
n02106662_69.JPEG	0	0	50	63
n02106662_334.JPEG	0	20	22	55
n02106662_470.JPEG	0	0	63	63
n02106662_46.JPEG	11	6	63	51
n02106662_158.JPEG	0	0	63	46
n02106662_215.JPEG	0	7	63	60
n02106662_117.JPEG	0	17	50	42
n02106662_38.JPEG	14	12	47	52
n02106662_428.JPEG	13	2	63	63
n02106662_483.JPEG	14	1	56	61
n02106662_152.JPEG	5	15	41	57
n02106662_319.JPEG	7	26	37	55
n02106662_209.JPEG	0	24	37	63
n02106662_494.JPEG	10	0	63	63
n02106662_109.JPEG	28	19	43	46
n02106662_292.JPEG	46	7	63	63
n02106662_363.JPEG	0	3	63	60
n02106662_181.JPEG	0	15	63	47
n02106662_447.JPEG	3	1	55	60
n02106662_262.JPEG	19	6	41	52
n02106662_430.JPEG	20	16	40	51
n02106662_25.JPEG	17	26	53	61
n02106662_434.JPEG	10	9	63	58
n02106662_243.JPEG	17	0	63	63
n02106662_457.JPEG	12	30	61	56
n02106662_39.JPEG	0	7	59	56
n02106662_189.JPEG	21	2	63	63
n02106662_432.JPEG	0	0	63	63
n02106662_108.JPEG	0	6	63	61
n02106662_70.JPEG	7	0	51	63
n02106662_192.JPEG	22	2	63	63
n02106662_76.JPEG	0	0	58	56
n02106662_286.JPEG	0	6	63	52
n02106662_66.JPEG	0	21	59	55
n02106662_7.JPEG	3	0	59	63
n02106662_308.JPEG	0	1	63	62
n02106662_418.JPEG	0	5	63	61
n02106662_107.JPEG	0	4	63	48
n02106662_288.JPEG	9	0	63	63
n02106662_214.JPEG	20	21	43	62
n02106662_245.JPEG	0	7	41	50
n02106662_226.JPEG	30	19	48	55
n02106662_444.JPEG	1	0	63	63
n02106662_305.JPEG	7	18	42	54
n02106662_324.JPEG	0	8	63	63
n02106662_257.JPEG	21	3	57	57
n02106662_94.JPEG	0	4	63	57
n02106662_165.JPEG	14	13	61	40
n02106662_32.JPEG	0	0	60	63
n02106662_235.JPEG	15	0	63	63
n02106662_475.JPEG	41	26	57	58
n02106662_301.JPEG	0	12	43	63
n02106662_200.JPEG	1	4	63	59
n02106662_52.JPEG	5	0	57	63
n02106662_184.JPEG	33	15	63	63
n02106662_115.JPEG	6	4	50	63
n02106662_179.JPEG	0	8	63	61
n02106662_424.JPEG	0	1	63	63
n02106662_45.JPEG	0	0	63	63
n02106662_101.JPEG	9	3	62	63
n02106662_359.JPEG	0	5	59	63
n02106662_65.JPEG	0	2	63	63
n02106662_399.JPEG	15	14	63	59
n02106662_47.JPEG	6	16	23	58
n02106662_123.JPEG	9	8	57	62
n02106662_102.JPEG	26	32	57	60
n02106662_242.JPEG	5	0	59	63
n02106662_28.JPEG	10	9	63	63
n02106662_78.JPEG	10	0	61	63
n02106662_251.JPEG	30	13	41	33
n02106662_207.JPEG	9	1	33	63
n02106662_145.JPEG	1	6	55	63
n02106662_239.JPEG	6	0	63	63
n02106662_338.JPEG	27	12	59	54
n02106662_41.JPEG	1	3	63	61
n02106662_2.JPEG	0	5	63	61
n02106662_140.JPEG	30	32	36	46
n02106662_381.JPEG	0	4	63	60
n02106662_216.JPEG	25	1	63	63
n02106662_185.JPEG	14	0	55	63
n02106662_328.JPEG	2	4	59	61
n02106662_364.JPEG	8	0	60	63
n02106662_205.JPEG	21	0	61	63
n02106662_20.JPEG	0	1	63	56
n02106662_64.JPEG	2	13	61	49
n02106662_466.JPEG	17	3	43	58
n02106662_208.JPEG	25	17	52	63
n02106662_481.JPEG	0	1	63	58
n02106662_59.JPEG	0	7	52	63
n02106662_271.JPEG	0	10	51	63
n02106662_198.JPEG	0	1	63	63
n02106662_484.JPEG	8	5	42	60
n02106662_339.JPEG	0	2	63	63
n02106662_346.JPEG	6	0	56	63
n02106662_375.JPEG	18	17	63	58
n02106662_86.JPEG	0	2	44	63
n02106662_168.JPEG	8	0	63	63
n02106662_422.JPEG	0	14	19	63
n02106662_419.JPEG	4	3	63	63
n02106662_309.JPEG	0	5	63	61
n02106662_382.JPEG	5	3	59	63
n02106662_1.JPEG	0	0	63	55
n02106662_347.JPEG	11	17	62	53
n02106662_403.JPEG	0	0	47	63
n02106662_348.JPEG	0	2	63	63
n02106662_384.JPEG	10	6	46	61
n02106662_139.JPEG	16	0	46	59
n02106662_425.JPEG	0	15	63	54
n02106662_281.JPEG	0	1	60	63
n02106662_498.JPEG	0	1	63	63
n02106662_415.JPEG	18	0	63	63
n02106662_485.JPEG	1	12	26	60
n02106662_236.JPEG	0	5	63	53
n02106662_335.JPEG	39	26	52	41
n02106662_336.JPEG	0	36	39	63
n02106662_50.JPEG	5	39	46	58
n02106662_438.JPEG	7	0	60	63
n02106662_37.JPEG	0	0	56	63
n02106662_325.JPEG	16	1	58	63
n02106662_405.JPEG	0	4	63	56
n02106662_106.JPEG	0	0	63	63
n02106662_194.JPEG	7	0	60	63
n02106662_26.JPEG	2	0	63	63
n02106662_95.JPEG	0	0	63	63
n02106662_276.JPEG	22	16	41	63
n02106662_492.JPEG	0	1	63	62
n02106662_224.JPEG	1	0	58	63
n02106662_282.JPEG	1	0	63	63
n02106662_62.JPEG	7	17	49	54
n02106662_263.JPEG	0	0	63	63
n02106662_196.JPEG	1	0	63	63
n02106662_307.JPEG	9	31	32	50
n02106662_31.JPEG	9	8	63	56
n02106662_127.JPEG	28	6	58	63
n02106662_482.JPEG	12	14	50	63
n02106662_77.JPEG	9	0	58	63
n02106662_5.JPEG	0	0	63	63
n02106662_279.JPEG	7	1	63	63
n02106662_351.JPEG	0	0	63	63
n02106662_391.JPEG	0	1	53	63
n02106662_284.JPEG	0	0	63	63
n02106662_371.JPEG	0	0	61	63
n02106662_446.JPEG	0	10	56	63
n02106662_471.JPEG	0	16	53	52
n02106662_88.JPEG	32	29	45	52
n02106662_464.JPEG	6	12	59	49
n02106662_30.JPEG	2	1	63	63
n02106662_211.JPEG	1	3	63	48
n02106662_6.JPEG	8	9	63	60
n02106662_154.JPEG	29	28	51	54
n02106662_144.JPEG	0	3	63	59
n02106662_100.JPEG	2	3	58	63
n02106662_312.JPEG	0	2	63	62
n02106662_201.JPEG	22	0	63	63
n02106662_83.JPEG	11	0	63	63
n02106662_234.JPEG	0	8	63	55
n02106662_342.JPEG	8	0	63	63
n02106662_247.JPEG	0	5	63	58
n02106662_173.JPEG	11	15	62	57
n02106662_452.JPEG	1	4	48	53
n02106662_17.JPEG	0	3	63	61
n02106662_316.JPEG	9	3	54	63
n02106662_222.JPEG	11	0	57	63
n02106662_210.JPEG	0	3	63	60
n02106662_258.JPEG	0	4	63	63
n02106662_230.JPEG	1	1	60	63
n02106662_219.JPEG	18	9	46	63
n02106662_232.JPEG	16	3	63	63
n02106662_313.JPEG	6	0	63	63
n02106662_99.JPEG	7	25	36	42
n02106662_8.JPEG	0	8	63	59
n02106662_204.JPEG	15	1	41	55
n02106662_321.JPEG	0	0	63	63
n02106662_426.JPEG	2	13	52	63
n02106662_175.JPEG	0	4	63	63
n02106662_157.JPEG	0	13	45	54
n02106662_332.JPEG	6	0	63	63
n02106662_294.JPEG	5	0	48	57
n02106662_54.JPEG	17	0	57	63
n02106662_467.JPEG	0	11	56	54
n02106662_491.JPEG	0	1	63	63
n02106662_289.JPEG	5	9	54	63
n02106662_435.JPEG	14	3	33	63
n02106662_116.JPEG	0	1	63	63
n02106662_299.JPEG	23	33	37	48
n02106662_249.JPEG	21	15	63	63
n02106662_398.JPEG	16	0	63	50
n02106662_161.JPEG	8	8	60	61
n02106662_497.JPEG	0	8	63	59
n02106662_178.JPEG	11	5	52	63
n02106662_320.JPEG	0	0	63	63
n02106662_380.JPEG	3	3	32	63
n02106662_190.JPEG	1	0	55	63
n02106662_469.JPEG	0	0	63	63
n02106662_463.JPEG	0	6	63	56
n02106662_480.JPEG	0	0	63	63
n02106662_436.JPEG	16	0	63	63
n02106662_14.JPEG	1	0	63	63
n02106662_171.JPEG	7	0	63	63
n02106662_49.JPEG	0	6	47	63
n02106662_110.JPEG	10	30	30	58
n02106662_233.JPEG	0	0	63	63
n02106662_93.JPEG	32	31	49	57
n02106662_357.JPEG	30	31	48	42
n02106662_487.JPEG	4	1	56	63
n02106662_111.JPEG	0	19	63	60
n02106662_112.JPEG	1	2	63	63
n02106662_153.JPEG	1	0	63	63
n02106662_195.JPEG	9	1	63	63
n02106662_40.JPEG	4	5	33	59
n02106662_414.JPEG	23	0	48	54
n02106662_302.JPEG	2	1	63	60
n02106662_29.JPEG	13	0	48	63
n02106662_67.JPEG	37	26	52	39
n02106662_221.JPEG	24	9	58	62
n02106662_306.JPEG	12	44	45	63
n02106662_148.JPEG	25	6	63	63
n02106662_244.JPEG	31	25	63	63
n02106662_387.JPEG	2	4	25	43
n02106662_228.JPEG	17	0	63	63
n02106662_35.JPEG	2	11	63	54
n02106662_451.JPEG	7	3	60	63
n02106662_75.JPEG	30	20	59	62
n02106662_180.JPEG	3	4	51	63
n02106662_420.JPEG	5	10	52	57
n02106662_423.JPEG	0	14	61	49
n02106662_277.JPEG	5	3	48	63
n02106662_330.JPEG	4	0	60	63
n02106662_252.JPEG	21	17	63	63
n02106662_386.JPEG	0	25	35	63
val_4120.JPEG	13	12	63	57
val_7658.JPEG	0	5	63	63
val_5434.JPEG	5	0	63	63
val_1462.JPEG	22	13	63	63
val_4402.JPEG	0	6	63	53
val_3728.JPEG	13	10	54	58
val_4262.JPEG	28	1	63	63
val_7677.JPEG	7	0	63	63
val_743.JPEG	0	0	63	58
val_4427.JPEG	12	21	40	63
val_6819.JPEG	17	19	57	56
val_8673.JPEG	9	0	51	63
val_5280.JPEG	0	20	60	47
val_8084.JPEG	0	3	55	63
val_5854.JPEG	0	5	41	59
val_6264.JPEG	32	35	63	63
val_6508.JPEG	0	13	42	63
val_6557.JPEG	14	17	63	53
val_8344.JPEG	20	35	48	55
val_7021.JPEG	0	22	63	48
val_2021.JPEG	0	3	58	63
val_9084.JPEG	21	7	48	63
val_9154.JPEG	7	0	61	63
val_8507.JPEG	0	3	63	63
val_1196.JPEG	0	1	63	62
val_4123.JPEG	4	38	30	63
val_2547.JPEG	9	0	57	63
val_5720.JPEG	32	19	37	30
val_9330.JPEG	0	2	63	61
val_7758.JPEG	31	10	63	63
val_1892.JPEG	2	0	63	63
val_9533.JPEG	2	0	63	63
val_3574.JPEG	0	0	63	63
val_9454.JPEG	0	0	63	63
val_5416.JPEG	30	33	63	62
