n04259630_305.JPEG	28	1	63	40
n04259630_332.JPEG	0	0	63	54
n04259630_191.JPEG	9	0	52	18
n04259630_355.JPEG	0	0	63	25
n04259630_273.JPEG	33	9	63	37
n04259630_149.JPEG	0	16	41	53
n04259630_92.JPEG	0	1	26	17
n04259630_368.JPEG	17	4	57	19
n04259630_147.JPEG	25	0	48	11
n04259630_175.JPEG	0	5	60	54
n04259630_453.JPEG	0	9	50	35
n04259630_10.JPEG	21	4	56	18
n04259630_37.JPEG	7	5	47	26
n04259630_223.JPEG	11	20	32	32
n04259630_38.JPEG	0	4	63	43
n04259630_492.JPEG	0	0	63	20
n04259630_290.JPEG	10	4	54	27
n04259630_472.JPEG	17	4	54	26
n04259630_387.JPEG	8	11	35	27
n04259630_187.JPEG	2	0	56	10
n04259630_460.JPEG	7	13	43	38
n04259630_141.JPEG	5	16	62	37
n04259630_22.JPEG	20	0	45	18
n04259630_202.JPEG	1	5	53	30
n04259630_450.JPEG	0	17	30	56
n04259630_132.JPEG	24	9	58	22
n04259630_136.JPEG	8	0	41	26
n04259630_270.JPEG	4	0	62	30
n04259630_334.JPEG	21	13	63	51
n04259630_99.JPEG	24	10	57	26
n04259630_31.JPEG	0	0	63	53
n04259630_107.JPEG	10	9	63	39
n04259630_164.JPEG	1	0	63	58
n04259630_362.JPEG	0	6	61	36
n04259630_206.JPEG	4	0	57	36
n04259630_28.JPEG	11	13	55	40
n04259630_254.JPEG	0	1	63	45
n04259630_456.JPEG	0	5	48	36
n04259630_171.JPEG	13	11	63	41
n04259630_18.JPEG	0	0	63	23
n04259630_434.JPEG	3	4	61	45
n04259630_391.JPEG	0	0	63	59
n04259630_272.JPEG	0	8	63	63
n04259630_289.JPEG	28	12	63	40
n04259630_115.JPEG	4	0	63	51
n04259630_449.JPEG	0	0	63	45
n04259630_291.JPEG	11	0	54	6
n04259630_421.JPEG	3	3	24	17
n04259630_26.JPEG	19	2	63	38
n04259630_436.JPEG	4	0	63	43
n04259630_329.JPEG	11	0	51	16
n04259630_461.JPEG	3	7	62	41
n04259630_229.JPEG	0	43	0	58
n04259630_353.JPEG	23	14	38	24
n04259630_280.JPEG	12	0	45	14
n04259630_89.JPEG	18	0	40	7
n04259630_409.JPEG	0	0	51	34
n04259630_394.JPEG	27	1	61	30
n04259630_381.JPEG	32	21	63	63
n04259630_445.JPEG	1	16	28	39
n04259630_45.JPEG	0	0	49	27
n04259630_169.JPEG	0	25	9	36
n04259630_108.JPEG	17	17	46	31
n04259630_373.JPEG	0	14	63	56
n04259630_378.JPEG	0	1	63	31
n04259630_359.JPEG	0	1	63	58
n04259630_216.JPEG	14	15	49	40
n04259630_395.JPEG	0	1	63	47
n04259630_53.JPEG	17	2	50	18
n04259630_213.JPEG	13	1	45	28
n04259630_6.JPEG	2	8	47	35
n04259630_490.JPEG	33	30	45	43
n04259630_342.JPEG	0	0	63	63
n04259630_314.JPEG	17	0	48	13
n04259630_440.JPEG	28	21	63	46
n04259630_265.JPEG	0	0	63	45
n04259630_173.JPEG	2	0	62	29
n04259630_76.JPEG	0	0	63	63
n04259630_360.JPEG	8	3	53	34
n04259630_466.JPEG	0	6	63	34
n04259630_251.JPEG	0	1	63	54
n04259630_128.JPEG	0	13	63	47
n04259630_462.JPEG	11	4	55	38
n04259630_75.JPEG	0	3	63	60
n04259630_257.JPEG	9	3	61	39
n04259630_266.JPEG	0	1	63	37
n04259630_404.JPEG	0	2	23	34
n04259630_302.JPEG	38	2	63	23
n04259630_476.JPEG	32	12	63	43
n04259630_414.JPEG	3	0	60	44
n04259630_142.JPEG	0	1	63	37
n04259630_239.JPEG	7	1	63	38
n04259630_244.JPEG	0	0	63	36
n04259630_192.JPEG	0	11	49	41
n04259630_323.JPEG	2	0	63	63
n04259630_380.JPEG	0	7	58	32
n04259630_101.JPEG	10	4	40	24
n04259630_93.JPEG	0	0	63	63
n04259630_398.JPEG	0	1	63	44
n04259630_361.JPEG	0	5	63	63
n04259630_65.JPEG	0	4	28	42
n04259630_261.JPEG	11	12	63	38
n04259630_189.JPEG	0	0	63	47
n04259630_264.JPEG	13	0	57	48
n04259630_222.JPEG	38	11	63	27
n04259630_459.JPEG	14	7	63	41
n04259630_410.JPEG	0	2	60	25
n04259630_170.JPEG	35	8	63	33
n04259630_401.JPEG	15	3	52	15
n04259630_8.JPEG	0	0	63	50
n04259630_77.JPEG	6	1	63	29
n04259630_285.JPEG	25	1	63	22
n04259630_137.JPEG	0	13	30	45
n04259630_183.JPEG	0	0	63	52
n04259630_307.JPEG	0	0	63	40
n04259630_52.JPEG	19	19	40	31
n04259630_403.JPEG	18	4	63	37
n04259630_84.JPEG	0	0	63	45
n04259630_487.JPEG	35	5	58	23
n04259630_275.JPEG	0	1	63	49
n04259630_468.JPEG	3	9	59	42
n04259630_114.JPEG	0	12	33	34
n04259630_238.JPEG	6	0	57	10
n04259630_480.JPEG	13	8	50	26
n04259630_62.JPEG	0	11	37	51
n04259630_153.JPEG	12	0	63	26
n04259630_51.JPEG	0	8	63	48
n04259630_496.JPEG	31	10	63	32
n04259630_185.JPEG	12	0	63	41
n04259630_338.JPEG	13	3	60	30
n04259630_482.JPEG	9	0	46	18
n04259630_250.JPEG	13	0	47	13
n04259630_228.JPEG	22	3	60	38
n04259630_155.JPEG	18	14	44	30
n04259630_376.JPEG	0	1	63	63
n04259630_215.JPEG	0	2	43	26
n04259630_349.JPEG	33	0	63	13
n04259630_161.JPEG	7	10	42	35
n04259630_196.JPEG	0	6	63	59
n04259630_211.JPEG	8	5	58	39
n04259630_207.JPEG	8	7	63	43
n04259630_231.JPEG	0	14	40	43
n04259630_122.JPEG	1	7	61	30
n04259630_281.JPEG	0	13	63	63
n04259630_478.JPEG	0	7	63	63
n04259630_346.JPEG	0	0	63	28
n04259630_474.JPEG	0	1	63	37
n04259630_123.JPEG	0	4	63	35
n04259630_68.JPEG	37	28	58	51
n04259630_277.JPEG	0	0	63	63
n04259630_7.JPEG	0	5	63	47
n04259630_389.JPEG	27	0	56	12
n04259630_16.JPEG	0	23	41	59
n04259630_439.JPEG	23	12	46	22
n04259630_44.JPEG	0	0	63	29
n04259630_319.JPEG	0	0	63	58
n04259630_178.JPEG	0	0	47	44
n04259630_106.JPEG	28	0	50	18
n04259630_309.JPEG	4	9	50	34
n04259630_186.JPEG	9	0	63	24
n04259630_448.JPEG	9	9	51	34
n04259630_248.JPEG	18	5	63	47
n04259630_370.JPEG	6	0	63	46
n04259630_224.JPEG	0	9	32	35
n04259630_49.JPEG	3	0	51	51
n04259630_282.JPEG	8	0	63	48
n04259630_255.JPEG	0	0	63	63
n04259630_274.JPEG	0	0	63	49
n04259630_411.JPEG	0	0	63	47
n04259630_151.JPEG	2	10	31	30
n04259630_146.JPEG	16	0	62	19
n04259630_484.JPEG	4	1	59	22
n04259630_205.JPEG	0	4	48	50
n04259630_438.JPEG	3	4	42	32
n04259630_337.JPEG	11	2	46	37
n04259630_262.JPEG	0	7	63	44
n04259630_367.JPEG	0	1	63	40
n04259630_200.JPEG	0	3	63	59
n04259630_159.JPEG	0	5	60	45
n04259630_131.JPEG	16	2	61	31
n04259630_437.JPEG	13	10	52	39
n04259630_444.JPEG	24	20	63	50
n04259630_143.JPEG	25	0	62	26
n04259630_457.JPEG	8	33	37	51
n04259630_287.JPEG	7	0	63	51
n04259630_481.JPEG	1	6	57	29
n04259630_203.JPEG	1	0	57	11
n04259630_98.JPEG	14	16	62	63
n04259630_488.JPEG	0	9	63	63
n04259630_11.JPEG	30	3	57	22
n04259630_328.JPEG	1	1	63	52
n04259630_88.JPEG	21	33	40	42
n04259630_105.JPEG	4	0	53	27
n04259630_66.JPEG	15	18	58	63
n04259630_198.JPEG	0	3	63	40
n04259630_430.JPEG	0	1	63	32
n04259630_235.JPEG	0	5	59	37
n04259630_366.JPEG	0	0	63	52
n04259630_33.JPEG	5	0	59	15
n04259630_30.JPEG	0	5	63	61
n04259630_23.JPEG	9	25	63	63
n04259630_234.JPEG	9	0	48	32
n04259630_483.JPEG	15	0	53	23
n04259630_150.JPEG	2	15	63	63
n04259630_339.JPEG	0	0	54	35
n04259630_225.JPEG	15	6	52	29
n04259630_330.JPEG	20	20	45	38
n04259630_165.JPEG	30	0	47	6
n04259630_336.JPEG	0	1	63	35
n04259630_412.JPEG	18	15	63	36
n04259630_419.JPEG	2	4	62	24
n04259630_34.JPEG	27	4	63	59
n04259630_406.JPEG	0	0	63	54
n04259630_83.JPEG	0	2	63	59
n04259630_14.JPEG	10	0	63	63
n04259630_118.JPEG	11	0	63	31
n04259630_431.JPEG	0	5	49	31
n04259630_446.JPEG	0	10	36	61
n04259630_103.JPEG	0	9	63	63
n04259630_293.JPEG	8	0	63	29
n04259630_422.JPEG	5	2	63	58
n04259630_408.JPEG	2	5	55	28
n04259630_113.JPEG	1	0	63	63
n04259630_94.JPEG	0	0	63	32
n04259630_318.JPEG	0	0	43	41
n04259630_1.JPEG	0	0	63	50
n04259630_317.JPEG	12	18	41	51
n04259630_86.JPEG	0	0	63	33
n04259630_455.JPEG	0	0	63	42
n04259630_242.JPEG	2	4	62	40
n04259630_435.JPEG	32	9	63	32
n04259630_495.JPEG	40	14	54	26
n04259630_295.JPEG	13	12	57	35
n04259630_184.JPEG	45	14	63	36
n04259630_364.JPEG	6	1	41	12
n04259630_374.JPEG	11	16	47	32
n04259630_197.JPEG	5	8	58	47
n04259630_267.JPEG	10	4	52	33
n04259630_166.JPEG	4	0	63	21
n04259630_156.JPEG	4	0	47	19
n04259630_119.JPEG	22	10	60	30
n04259630_236.JPEG	0	1	45	23
n04259630_71.JPEG	0	3	35	28
n04259630_494.JPEG	1	13	60	51
n04259630_36.JPEG	2	3	63	27
n04259630_425.JPEG	25	34	54	60
n04259630_417.JPEG	0	0	63	63
n04259630_41.JPEG	0	7	63	29
n04259630_383.JPEG	1	1	63	58
n04259630_39.JPEG	0	5	63	53
n04259630_237.JPEG	0	1	49	24
n04259630_396.JPEG	0	0	63	52
n04259630_97.JPEG	29	0	59	17
n04259630_218.JPEG	7	3	56	37
n04259630_25.JPEG	14	0	46	16
n04259630_110.JPEG	15	1	50	18
n04259630_72.JPEG	28	13	63	25
n04259630_316.JPEG	49	10	63	33
n04259630_154.JPEG	3	2	63	35
n04259630_326.JPEG	0	8	35	28
n04259630_469.JPEG	0	1	63	53
n04259630_117.JPEG	15	2	63	38
n04259630_167.JPEG	0	10	63	56
n04259630_407.JPEG	0	0	49	62
n04259630_331.JPEG	16	2	58	28
n04259630_0.JPEG	13	0	63	41
n04259630_393.JPEG	3	14	59	55
n04259630_85.JPEG	0	3	61	53
n04259630_193.JPEG	0	1	56	28
n04259630_96.JPEG	7	5	63	48
n04259630_104.JPEG	51	2	63	17
n04259630_400.JPEG	0	0	53	19
n04259630_35.JPEG	14	14	54	32
n04259630_74.JPEG	9	2	62	43
n04259630_69.JPEG	0	1	60	23
n04259630_288.JPEG	17	13	38	25
n04259630_127.JPEG	18	0	63	32
n04259630_174.JPEG	28	4	58	24
n04259630_253.JPEG	3	6	63	31
n04259630_473.JPEG	9	6	58	35
n04259630_194.JPEG	1	0	63	47
n04259630_286.JPEG	4	0	63	24
n04259630_493.JPEG	5	1	52	26
n04259630_125.JPEG	0	6	23	32
n04259630_158.JPEG	13	0	52	17
n04259630_59.JPEG	0	0	63	48
n04259630_133.JPEG	39	12	63	40
n04259630_363.JPEG	2	10	63	33
n04259630_4.JPEG	0	3	41	35
n04259630_241.JPEG	6	1	44	18
n04259630_470.JPEG	3	2	59	47
n04259630_260.JPEG	21	5	63	29
n04259630_126.JPEG	0	6	63	41
n04259630_347.JPEG	14	7	54	27
n04259630_227.JPEG	1	1	39	34
n04259630_140.JPEG	0	7	63	27
n04259630_268.JPEG	12	0	63	25
n04259630_429.JPEG	1	1	63	63
n04259630_40.JPEG	4	0	62	33
n04259630_341.JPEG	9	4	53	60
n04259630_12.JPEG	0	1	63	42
n04259630_188.JPEG	35	1	63	20
n04259630_300.JPEG	1	0	63	40
n04259630_252.JPEG	8	0	39	16
n04259630_306.JPEG	1	7	46	35
n04259630_232.JPEG	8	1	58	53
n04259630_388.JPEG	0	0	63	36
n04259630_134.JPEG	0	1	42	48
n04259630_100.JPEG	0	0	63	43
n04259630_301.JPEG	5	12	63	54
n04259630_226.JPEG	0	7	63	35
n04259630_135.JPEG	2	3	54	32
n04259630_172.JPEG	0	0	52	47
n04259630_382.JPEG	1	0	63	48
n04259630_19.JPEG	8	0	54	20
n04259630_109.JPEG	0	0	63	39
n04259630_399.JPEG	15	0	63	26
n04259630_467.JPEG	0	4	63	62
n04259630_210.JPEG	0	13	54	50
n04259630_279.JPEG	4	0	60	23
n04259630_477.JPEG	0	1	63	40
n04259630_67.JPEG	0	0	63	63
n04259630_13.JPEG	25	16	46	32
n04259630_24.JPEG	3	1	54	33
n04259630_348.JPEG	0	9	63	49
n04259630_428.JPEG	0	0	41	34
n04259630_87.JPEG	0	1	63	63
n04259630_27.JPEG	0	1	63	63
n04259630_78.JPEG	1	10	57	63
n04259630_375.JPEG	1	0	54	49
n04259630_486.JPEG	0	4	63	40
n04259630_491.JPEG	1	0	41	27
n04259630_263.JPEG	14	10	54	37
n04259630_129.JPEG	23	24	63	58
n04259630_258.JPEG	2	0	54	30
n04259630_397.JPEG	33	18	40	25
n04259630_413.JPEG	0	13	63	59
n04259630_471.JPEG	9	5	32	17
n04259630_345.JPEG	9	0	59	33
n04259630_64.JPEG	0	8	63	63
n04259630_221.JPEG	4	0	63	35
n04259630_325.JPEG	0	3	63	63
n04259630_79.JPEG	3	19	24	32
n04259630_247.JPEG	0	0	63	49
n04259630_390.JPEG	0	2	63	44
n04259630_442.JPEG	0	21	45	63
n04259630_246.JPEG	17	0	36	6
n04259630_144.JPEG	32	0	45	18
n04259630_497.JPEG	15	0	55	19
n04259630_249.JPEG	0	1	63	63
val_8541.JPEG	21	5	63	38
val_504.JPEG	8	0	45	2
val_8228.JPEG	22	21	57	45
val_2278.JPEG	0	1	63	45
val_1387.JPEG	0	4	63	51
val_1896.JPEG	0	8	63	38
val_6654.JPEG	13	0	56	21
val_2343.JPEG	9	1	63	42
val_5069.JPEG	4	0	61	27
val_7789.JPEG	26	0	63	37
val_2652.JPEG	0	8	33	33
val_7509.JPEG	17	30	63	63
val_2905.JPEG	0	17	44	52
val_9212.JPEG	2	0	43	26
val_3576.JPEG	8	4	63	35
val_5218.JPEG	0	21	43	60
val_7351.JPEG	14	12	31	39
val_6582.JPEG	8	0	55	44
val_3824.JPEG	0	0	63	39
val_5769.JPEG	14	6	52	29
val_6888.JPEG	0	3	51	26
val_5419.JPEG	21	0	46	10
val_1925.JPEG	15	3	36	16
val_1912.JPEG	10	0	52	15
val_2810.JPEG	11	9	44	25
val_7816.JPEG	15	6	43	28
val_8710.JPEG	0	0	63	49
val_2593.JPEG	1	0	63	26
val_5334.JPEG	8	12	62	42
val_1332.JPEG	3	4	63	35
val_8071.JPEG	10	3	60	32
val_3453.JPEG	0	1	55	44
val_5202.JPEG	0	1	53	34
val_4164.JPEG	0	0	63	30
val_3089.JPEG	38	17	63	32
