n01698640_426.JPEG	19	15	45	54
n01698640_54.JPEG	2	21	63	56
n01698640_91.JPEG	0	11	63	42
n01698640_31.JPEG	0	27	44	42
n01698640_121.JPEG	0	3	63	57
n01698640_231.JPEG	25	15	59	27
n01698640_109.JPEG	0	16	63	52
n01698640_237.JPEG	0	7	63	49
n01698640_345.JPEG	3	31	47	53
n01698640_407.JPEG	16	20	49	43
n01698640_194.JPEG	0	3	54	63
n01698640_264.JPEG	0	16	63	63
n01698640_13.JPEG	2	27	57	39
n01698640_404.JPEG	24	12	43	41
n01698640_430.JPEG	0	28	63	59
n01698640_414.JPEG	4	24	63	37
n01698640_377.JPEG	0	5	63	53
n01698640_364.JPEG	0	15	63	39
n01698640_30.JPEG	0	0	63	63
n01698640_273.JPEG	0	5	63	61
n01698640_316.JPEG	0	12	60	48
n01698640_454.JPEG	16	26	51	36
n01698640_472.JPEG	19	13	63	63
n01698640_82.JPEG	0	18	61	57
n01698640_335.JPEG	0	0	63	63
n01698640_433.JPEG	0	31	54	39
n01698640_381.JPEG	0	22	63	38
n01698640_111.JPEG	0	0	63	63
n01698640_218.JPEG	0	23	63	42
n01698640_296.JPEG	0	27	63	44
n01698640_249.JPEG	22	7	55	58
n01698640_466.JPEG	0	24	63	48
n01698640_174.JPEG	0	26	63	51
n01698640_49.JPEG	0	18	63	43
n01698640_168.JPEG	4	0	63	54
n01698640_388.JPEG	0	0	63	63
n01698640_233.JPEG	0	10	63	55
n01698640_257.JPEG	0	4	63	63
n01698640_115.JPEG	7	0	63	62
n01698640_165.JPEG	0	27	63	37
n01698640_406.JPEG	0	23	63	51
n01698640_490.JPEG	0	25	54	49
n01698640_106.JPEG	0	26	63	46
n01698640_312.JPEG	3	10	63	52
n01698640_126.JPEG	17	18	60	37
n01698640_6.JPEG	0	3	22	37
n01698640_394.JPEG	14	0	52	63
n01698640_340.JPEG	0	3	63	60
n01698640_370.JPEG	0	14	63	63
n01698640_186.JPEG	0	1	63	39
n01698640_447.JPEG	5	0	55	63
n01698640_11.JPEG	5	12	63	30
n01698640_393.JPEG	0	23	63	44
n01698640_494.JPEG	27	20	44	49
n01698640_179.JPEG	1	0	62	63
n01698640_368.JPEG	0	1	63	63
n01698640_357.JPEG	0	39	63	55
n01698640_178.JPEG	0	20	57	50
n01698640_242.JPEG	19	20	44	46
n01698640_160.JPEG	30	34	50	51
n01698640_79.JPEG	0	11	54	63
n01698640_486.JPEG	1	39	38	56
n01698640_318.JPEG	0	16	63	63
n01698640_180.JPEG	11	29	63	39
n01698640_338.JPEG	0	20	43	33
n01698640_47.JPEG	0	13	63	44
n01698640_278.JPEG	0	45	39	59
n01698640_84.JPEG	7	0	58	42
n01698640_118.JPEG	0	11	63	62
n01698640_467.JPEG	24	21	63	46
n01698640_53.JPEG	10	21	63	43
n01698640_475.JPEG	10	8	57	55
n01698640_423.JPEG	0	2	51	60
n01698640_113.JPEG	0	31	56	50
n01698640_19.JPEG	0	1	63	56
n01698640_154.JPEG	13	21	63	51
n01698640_351.JPEG	12	33	41	37
n01698640_456.JPEG	0	18	62	63
n01698640_139.JPEG	0	16	63	61
n01698640_192.JPEG	0	24	62	40
n01698640_295.JPEG	0	17	63	42
n01698640_451.JPEG	0	21	63	51
n01698640_29.JPEG	0	19	63	48
n01698640_309.JPEG	18	0	54	63
n01698640_148.JPEG	0	0	63	63
n01698640_140.JPEG	20	1	63	57
n01698640_64.JPEG	0	18	63	51
n01698640_487.JPEG	1	9	63	61
n01698640_70.JPEG	10	20	63	63
n01698640_195.JPEG	0	1	63	59
n01698640_442.JPEG	0	13	63	55
n01698640_410.JPEG	0	0	63	63
n01698640_409.JPEG	0	21	63	62
n01698640_301.JPEG	13	6	63	44
n01698640_497.JPEG	0	21	63	61
n01698640_62.JPEG	0	0	57	60
n01698640_166.JPEG	1	56	58	63
n01698640_405.JPEG	0	7	63	61
n01698640_14.JPEG	0	1	63	63
n01698640_158.JPEG	0	14	63	62
n01698640_470.JPEG	19	23	58	63
n01698640_223.JPEG	0	3	63	52
n01698640_212.JPEG	0	12	63	58
n01698640_80.JPEG	0	0	63	63
n01698640_421.JPEG	0	1	63	63
n01698640_341.JPEG	0	0	61	63
n01698640_306.JPEG	0	17	63	45
n01698640_317.JPEG	0	13	61	39
n01698640_39.JPEG	5	0	55	63
n01698640_83.JPEG	0	6	63	63
n01698640_343.JPEG	12	25	63	63
n01698640_216.JPEG	0	0	63	57
n01698640_269.JPEG	0	12	56	45
n01698640_281.JPEG	7	0	63	43
n01698640_448.JPEG	0	0	63	61
n01698640_215.JPEG	0	29	46	49
n01698640_302.JPEG	0	18	47	52
n01698640_245.JPEG	7	12	63	39
n01698640_300.JPEG	34	53	63	61
n01698640_244.JPEG	0	13	63	57
n01698640_112.JPEG	3	9	63	63
n01698640_48.JPEG	0	19	63	51
n01698640_334.JPEG	6	25	63	43
n01698640_243.JPEG	1	25	63	46
n01698640_199.JPEG	0	12	63	43
n01698640_5.JPEG	0	15	63	53
n01698640_392.JPEG	0	23	63	45
n01698640_97.JPEG	9	0	63	50
n01698640_248.JPEG	27	31	52	34
n01698640_228.JPEG	0	8	57	54
n01698640_344.JPEG	0	14	63	63
n01698640_359.JPEG	8	8	63	63
n01698640_33.JPEG	0	19	63	63
n01698640_290.JPEG	5	0	63	53
n01698640_213.JPEG	0	5	63	63
n01698640_495.JPEG	0	31	53	54
n01698640_452.JPEG	0	25	12	58
n01698640_408.JPEG	0	8	63	47
n01698640_103.JPEG	0	22	63	63
n01698640_339.JPEG	0	13	63	63
n01698640_246.JPEG	0	8	62	45
n01698640_332.JPEG	0	25	63	55
n01698640_431.JPEG	0	15	63	47
n01698640_425.JPEG	0	6	63	63
n01698640_360.JPEG	1	14	63	45
n01698640_102.JPEG	11	14	63	53
n01698640_279.JPEG	10	1	63	56
n01698640_163.JPEG	0	27	63	36
n01698640_66.JPEG	0	13	63	63
n01698640_238.JPEG	16	6	43	45
n01698640_324.JPEG	0	9	60	52
n01698640_371.JPEG	14	25	63	63
n01698640_190.JPEG	0	10	63	57
n01698640_363.JPEG	36	51	52	57
n01698640_386.JPEG	0	8	63	63
n01698640_372.JPEG	0	0	63	63
n01698640_94.JPEG	0	24	63	45
n01698640_258.JPEG	0	25	41	45
n01698640_236.JPEG	0	0	63	62
n01698640_484.JPEG	3	1	63	63
n01698640_297.JPEG	0	8	63	63
n01698640_403.JPEG	0	25	40	42
n01698640_362.JPEG	1	33	63	63
n01698640_471.JPEG	0	14	63	63
n01698640_187.JPEG	0	23	63	52
n01698640_265.JPEG	15	18	63	51
n01698640_251.JPEG	0	0	63	63
n01698640_73.JPEG	2	10	55	51
n01698640_446.JPEG	0	7	63	58
n01698640_176.JPEG	4	7	63	60
n01698640_136.JPEG	0	24	63	47
n01698640_188.JPEG	0	33	63	42
n01698640_22.JPEG	0	26	63	42
n01698640_274.JPEG	0	15	63	58
n01698640_356.JPEG	1	28	63	40
n01698640_478.JPEG	9	28	63	59
n01698640_12.JPEG	0	23	62	52
n01698640_261.JPEG	36	22	48	30
n01698640_170.JPEG	0	1	63	58
n01698640_95.JPEG	0	11	63	63
n01698640_333.JPEG	0	18	63	48
n01698640_146.JPEG	0	12	54	38
n01698640_219.JPEG	0	0	63	50
n01698640_16.JPEG	0	0	63	48
n01698640_492.JPEG	0	6	63	54
n01698640_348.JPEG	0	37	51	51
n01698640_444.JPEG	0	31	63	62
n01698640_391.JPEG	26	25	63	52
n01698640_224.JPEG	0	0	63	61
n01698640_162.JPEG	20	0	63	63
n01698640_358.JPEG	0	13	63	63
n01698640_191.JPEG	0	8	63	39
n01698640_268.JPEG	0	10	63	56
n01698640_390.JPEG	0	23	63	63
n01698640_346.JPEG	0	12	63	60
n01698640_427.JPEG	0	3	63	44
n01698640_376.JPEG	0	13	63	52
n01698640_86.JPEG	0	14	63	59
n01698640_311.JPEG	17	32	63	37
n01698640_418.JPEG	0	3	63	63
n01698640_1.JPEG	0	1	63	63
n01698640_365.JPEG	0	16	63	43
n01698640_23.JPEG	0	23	63	40
n01698640_225.JPEG	0	1	63	49
n01698640_226.JPEG	20	5	49	47
n01698640_197.JPEG	11	16	48	63
n01698640_438.JPEG	1	0	63	63
n01698640_260.JPEG	10	19	32	24
n01698640_59.JPEG	0	0	63	52
n01698640_72.JPEG	0	31	63	52
n01698640_50.JPEG	6	24	63	35
n01698640_330.JPEG	0	9	63	63
n01698640_291.JPEG	0	24	63	63
n01698640_437.JPEG	0	1	63	56
n01698640_283.JPEG	0	0	63	63
n01698640_227.JPEG	3	19	41	32
n01698640_327.JPEG	0	15	59	56
n01698640_419.JPEG	16	0	63	63
n01698640_465.JPEG	12	24	28	63
n01698640_496.JPEG	0	9	62	54
n01698640_75.JPEG	0	5	63	58
n01698640_450.JPEG	0	29	63	58
n01698640_196.JPEG	0	20	56	57
n01698640_307.JPEG	0	17	58	63
n01698640_342.JPEG	13	0	54	63
n01698640_328.JPEG	0	24	63	34
n01698640_101.JPEG	0	11	62	35
n01698640_350.JPEG	9	25	63	52
n01698640_250.JPEG	0	18	63	63
n01698640_203.JPEG	0	0	63	53
n01698640_184.JPEG	0	9	56	61
n01698640_208.JPEG	0	16	61	41
n01698640_71.JPEG	2	11	61	38
n01698640_457.JPEG	0	0	63	63
n01698640_105.JPEG	0	23	50	41
n01698640_35.JPEG	0	15	63	63
n01698640_193.JPEG	1	0	59	63
n01698640_116.JPEG	30	36	50	51
n01698640_201.JPEG	0	23	63	45
n01698640_119.JPEG	0	8	63	62
n01698640_52.JPEG	0	0	63	63
n01698640_27.JPEG	6	3	63	63
n01698640_253.JPEG	0	18	26	41
n01698640_24.JPEG	0	24	63	48
n01698640_221.JPEG	0	0	62	48
n01698640_398.JPEG	16	2	61	61
n01698640_206.JPEG	26	14	43	31
n01698640_68.JPEG	0	0	63	63
n01698640_402.JPEG	0	2	58	51
n01698640_185.JPEG	0	27	63	55
n01698640_292.JPEG	14	21	62	42
n01698640_271.JPEG	6	23	54	42
n01698640_151.JPEG	0	28	63	63
n01698640_153.JPEG	0	0	63	63
n01698640_413.JPEG	7	24	56	63
n01698640_56.JPEG	0	19	63	49
n01698640_298.JPEG	0	25	63	40
n01698640_459.JPEG	0	2	63	63
n01698640_81.JPEG	12	0	50	63
n01698640_182.JPEG	0	0	63	63
n01698640_469.JPEG	0	28	63	46
n01698640_229.JPEG	5	14	60	44
n01698640_241.JPEG	13	45	37	63
n01698640_347.JPEG	0	25	63	42
n01698640_491.JPEG	0	20	63	54
n01698640_287.JPEG	1	0	50	52
n01698640_262.JPEG	0	0	63	63
n01698640_217.JPEG	0	27	63	52
n01698640_181.JPEG	8	40	41	63
n01698640_305.JPEG	0	31	59	49
n01698640_205.JPEG	0	15	63	42
n01698640_429.JPEG	0	27	63	40
n01698640_51.JPEG	21	0	37	31
n01698640_43.JPEG	0	19	63	53
n01698640_284.JPEG	0	11	63	48
n01698640_92.JPEG	32	38	53	49
n01698640_210.JPEG	8	0	63	63
n01698640_266.JPEG	0	4	63	63
n01698640_439.JPEG	0	10	63	45
n01698640_369.JPEG	0	7	63	50
n01698640_129.JPEG	1	24	63	39
n01698640_353.JPEG	20	22	49	40
n01698640_285.JPEG	19	24	56	51
n01698640_308.JPEG	0	15	46	32
n01698640_18.JPEG	0	15	63	59
n01698640_2.JPEG	0	14	63	56
n01698640_280.JPEG	15	16	63	52
n01698640_395.JPEG	0	8	56	51
n01698640_396.JPEG	0	17	63	38
n01698640_37.JPEG	9	18	63	43
n01698640_220.JPEG	0	11	63	60
n01698640_289.JPEG	0	0	63	63
n01698640_325.JPEG	0	0	58	53
n01698640_134.JPEG	0	6	63	41
n01698640_142.JPEG	0	13	63	56
n01698640_20.JPEG	0	0	63	63
n01698640_77.JPEG	0	22	63	63
n01698640_85.JPEG	3	30	63	55
n01698640_326.JPEG	52	51	63	60
n01698640_263.JPEG	0	22	63	41
n01698640_488.JPEG	0	1	63	57
n01698640_373.JPEG	0	20	56	49
n01698640_234.JPEG	0	11	63	59
n01698640_315.JPEG	0	13	63	45
n01698640_375.JPEG	0	5	63	51
n01698640_286.JPEG	0	0	63	63
n01698640_69.JPEG	0	29	52	45
n01698640_235.JPEG	0	0	63	63
n01698640_28.JPEG	0	11	63	42
n01698640_133.JPEG	0	28	54	47
n01698640_367.JPEG	0	6	63	50
n01698640_424.JPEG	0	8	63	63
n01698640_352.JPEG	20	28	39	43
n01698640_499.JPEG	0	0	63	62
n01698640_385.JPEG	29	26	53	35
n01698640_207.JPEG	0	3	63	63
n01698640_90.JPEG	0	4	63	63
n01698640_41.JPEG	1	0	63	63
n01698640_256.JPEG	0	26	47	47
n01698640_131.JPEG	0	0	63	63
n01698640_230.JPEG	1	12	63	49
n01698640_110.JPEG	0	14	63	50
n01698640_354.JPEG	6	18	51	47
n01698640_397.JPEG	0	9	30	55
n01698640_299.JPEG	0	16	63	43
n01698640_483.JPEG	0	4	63	63
n01698640_40.JPEG	0	37	59	49
n01698640_155.JPEG	11	33	40	38
n01698640_21.JPEG	13	29	63	41
n01698640_147.JPEG	0	23	63	49
n01698640_44.JPEG	0	26	63	42
n01698640_331.JPEG	0	17	63	45
n01698640_336.JPEG	20	13	56	56
n01698640_88.JPEG	0	1	63	63
n01698640_247.JPEG	0	1	63	63
n01698640_440.JPEG	0	33	63	50
n01698640_415.JPEG	25	4	63	39
n01698640_412.JPEG	0	26	63	45
n01698640_15.JPEG	27	34	63	52
n01698640_7.JPEG	0	27	63	44
n01698640_63.JPEG	0	3	63	56
n01698640_322.JPEG	0	15	63	63
n01698640_175.JPEG	4	21	61	46
n01698640_4.JPEG	0	0	63	59
n01698640_123.JPEG	0	2	63	58
n01698640_320.JPEG	0	16	63	54
n01698640_277.JPEG	0	1	63	58
n01698640_61.JPEG	0	13	63	49
n01698640_379.JPEG	0	2	63	52
n01698640_293.JPEG	0	10	63	62
val_9612.JPEG	20	39	54	53
val_77.JPEG	0	2	63	61
val_481.JPEG	0	25	63	40
val_8004.JPEG	0	8	63	63
val_8593.JPEG	8	13	63	50
val_7164.JPEG	0	6	63	57
val_9772.JPEG	0	2	63	58
val_4600.JPEG	23	21	63	60
val_350.JPEG	0	9	63	62
val_1234.JPEG	0	12	63	48
val_9919.JPEG	0	0	63	57
val_8741.JPEG	0	1	63	61
val_8281.JPEG	0	19	63	40
val_6662.JPEG	0	19	48	63
val_3941.JPEG	34	13	63	31
val_3097.JPEG	0	26	32	33
val_4669.JPEG	8	26	63	63
val_753.JPEG	5	42	59	56
val_6905.JPEG	0	35	61	43
val_9905.JPEG	0	20	63	63
val_892.JPEG	1	7	63	44
val_5142.JPEG	0	29	63	43
val_8332.JPEG	0	23	63	56
val_3032.JPEG	0	23	50	51
val_3702.JPEG	9	13	63	62
val_7874.JPEG	7	37	55	56
val_211.JPEG	9	38	44	50
val_5774.JPEG	0	0	63	63
val_8459.JPEG	2	22	63	45
val_5939.JPEG	0	15	63	38
val_4871.JPEG	0	15	63	55
val_1183.JPEG	17	36	56	45
val_5189.JPEG	0	25	63	39
val_6837.JPEG	0	10	63	60
val_7085.JPEG	0	22	63	60
