n04487081_329.JPEG	24	0	57	42
n04487081_8.JPEG	27	0	57	39
n04487081_314.JPEG	11	18	61	54
n04487081_110.JPEG	31	33	55	57
n04487081_312.JPEG	31	26	49	48
n04487081_254.JPEG	12	21	37	44
n04487081_382.JPEG	8	32	41	52
n04487081_444.JPEG	35	26	63	40
n04487081_20.JPEG	23	29	52	49
n04487081_21.JPEG	18	0	46	53
n04487081_43.JPEG	0	24	54	52
n04487081_55.JPEG	9	21	63	43
n04487081_451.JPEG	0	12	63	54
n04487081_235.JPEG	5	14	54	47
n04487081_479.JPEG	1	0	63	41
n04487081_150.JPEG	14	8	63	57
n04487081_166.JPEG	0	9	63	63
n04487081_428.JPEG	6	16	63	43
n04487081_109.JPEG	11	28	59	44
n04487081_495.JPEG	21	14	60	48
n04487081_131.JPEG	7	19	21	48
n04487081_37.JPEG	3	7	47	57
n04487081_164.JPEG	12	4	63	53
n04487081_116.JPEG	4	7	43	56
n04487081_236.JPEG	2	0	63	63
n04487081_219.JPEG	0	12	48	59
n04487081_39.JPEG	7	26	27	44
n04487081_400.JPEG	12	23	40	59
n04487081_11.JPEG	2	21	63	50
n04487081_394.JPEG	23	16	53	38
n04487081_440.JPEG	9	1	57	44
n04487081_134.JPEG	0	4	60	57
n04487081_406.JPEG	16	6	63	44
n04487081_6.JPEG	0	9	61	50
n04487081_464.JPEG	20	27	61	43
n04487081_349.JPEG	11	22	56	57
n04487081_178.JPEG	35	18	63	42
n04487081_483.JPEG	1	10	57	56
n04487081_144.JPEG	13	14	55	51
n04487081_127.JPEG	12	6	41	43
n04487081_332.JPEG	0	14	52	47
n04487081_362.JPEG	0	11	63	61
n04487081_114.JPEG	0	14	63	63
n04487081_122.JPEG	16	10	58	48
n04487081_490.JPEG	9	21	63	51
n04487081_108.JPEG	0	6	62	46
n04487081_289.JPEG	5	21	63	63
n04487081_351.JPEG	21	27	50	49
n04487081_263.JPEG	30	31	63	51
n04487081_478.JPEG	0	0	40	58
n04487081_319.JPEG	31	10	63	48
n04487081_132.JPEG	15	1	63	63
n04487081_327.JPEG	16	1	60	58
n04487081_461.JPEG	2	30	49	51
n04487081_51.JPEG	0	15	57	48
n04487081_280.JPEG	23	28	54	51
n04487081_277.JPEG	0	26	44	41
n04487081_456.JPEG	0	16	63	60
n04487081_496.JPEG	0	6	63	49
n04487081_58.JPEG	13	0	56	53
n04487081_104.JPEG	23	23	63	61
n04487081_268.JPEG	15	16	54	45
n04487081_449.JPEG	1	17	38	49
n04487081_446.JPEG	4	0	63	61
n04487081_74.JPEG	0	4	63	46
n04487081_23.JPEG	8	22	55	61
n04487081_66.JPEG	0	24	63	59
n04487081_477.JPEG	10	21	39	47
n04487081_367.JPEG	0	10	63	53
n04487081_119.JPEG	3	1	63	58
n04487081_140.JPEG	7	8	54	46
n04487081_168.JPEG	8	11	63	46
n04487081_137.JPEG	10	16	51	53
n04487081_363.JPEG	23	15	60	49
n04487081_198.JPEG	0	10	56	53
n04487081_183.JPEG	5	21	63	45
n04487081_352.JPEG	20	4	50	38
n04487081_397.JPEG	0	13	63	51
n04487081_452.JPEG	7	6	54	54
n04487081_390.JPEG	15	20	62	63
n04487081_96.JPEG	30	0	61	44
n04487081_467.JPEG	21	25	63	44
n04487081_171.JPEG	0	0	56	47
n04487081_290.JPEG	4	0	61	63
n04487081_369.JPEG	19	33	53	49
n04487081_484.JPEG	0	24	63	59
n04487081_357.JPEG	7	20	54	46
n04487081_304.JPEG	10	10	57	47
n04487081_4.JPEG	22	9	54	35
n04487081_159.JPEG	9	13	47	48
n04487081_60.JPEG	5	8	61	53
n04487081_54.JPEG	15	11	57	50
n04487081_338.JPEG	29	6	47	40
n04487081_375.JPEG	0	13	60	48
n04487081_348.JPEG	11	24	48	39
n04487081_287.JPEG	0	5	63	42
n04487081_115.JPEG	28	12	63	44
n04487081_303.JPEG	17	16	56	54
n04487081_284.JPEG	26	23	63	38
n04487081_439.JPEG	0	27	60	47
n04487081_472.JPEG	37	0	63	39
n04487081_243.JPEG	11	12	36	39
n04487081_378.JPEG	27	41	39	55
n04487081_201.JPEG	1	17	58	57
n04487081_418.JPEG	9	24	58	42
n04487081_282.JPEG	0	10	59	52
n04487081_250.JPEG	16	10	43	47
n04487081_62.JPEG	17	12	56	47
n04487081_413.JPEG	21	18	40	42
n04487081_143.JPEG	29	22	49	44
n04487081_433.JPEG	5	21	51	39
n04487081_336.JPEG	5	25	34	40
n04487081_232.JPEG	6	22	61	47
n04487081_153.JPEG	0	7	63	46
n04487081_462.JPEG	6	13	63	56
n04487081_107.JPEG	23	16	42	38
n04487081_57.JPEG	0	13	63	56
n04487081_86.JPEG	19	32	45	49
n04487081_7.JPEG	33	16	63	47
n04487081_125.JPEG	13	12	48	43
n04487081_399.JPEG	10	23	40	52
n04487081_392.JPEG	2	25	51	44
n04487081_247.JPEG	34	26	47	52
n04487081_258.JPEG	2	28	45	39
n04487081_200.JPEG	2	5	63	50
n04487081_103.JPEG	0	16	63	63
n04487081_246.JPEG	12	23	49	42
n04487081_317.JPEG	7	8	51	53
n04487081_306.JPEG	3	21	51	50
n04487081_481.JPEG	0	25	58	52
n04487081_27.JPEG	0	7	63	47
n04487081_475.JPEG	29	0	53	34
n04487081_299.JPEG	0	1	50	63
n04487081_160.JPEG	23	11	63	62
n04487081_229.JPEG	24	24	46	39
n04487081_0.JPEG	0	0	63	63
n04487081_294.JPEG	0	0	57	52
n04487081_409.JPEG	8	17	63	59
n04487081_353.JPEG	0	0	63	62
n04487081_44.JPEG	0	8	63	46
n04487081_273.JPEG	0	16	44	48
n04487081_286.JPEG	5	1	59	43
n04487081_226.JPEG	0	9	63	53
n04487081_175.JPEG	0	17	63	54
n04487081_92.JPEG	27	33	38	43
n04487081_257.JPEG	19	12	45	45
n04487081_288.JPEG	4	0	49	56
n04487081_344.JPEG	19	15	63	38
n04487081_427.JPEG	0	5	44	58
n04487081_402.JPEG	14	1	47	44
n04487081_266.JPEG	3	17	48	53
n04487081_123.JPEG	10	22	31	39
n04487081_285.JPEG	0	1	63	57
n04487081_455.JPEG	12	34	39	62
n04487081_298.JPEG	7	22	56	53
n04487081_241.JPEG	7	32	63	56
n04487081_364.JPEG	6	1	63	55
n04487081_25.JPEG	28	27	63	43
n04487081_492.JPEG	17	21	49	37
n04487081_206.JPEG	19	14	56	41
n04487081_276.JPEG	0	15	57	58
n04487081_322.JPEG	21	21	54	44
n04487081_155.JPEG	0	22	49	40
n04487081_379.JPEG	43	31	63	49
n04487081_340.JPEG	0	17	63	51
n04487081_341.JPEG	10	21	62	46
n04487081_136.JPEG	16	19	34	35
n04487081_172.JPEG	15	16	49	59
n04487081_494.JPEG	20	1	63	62
n04487081_194.JPEG	0	1	63	51
n04487081_234.JPEG	15	13	63	56
n04487081_328.JPEG	7	19	56	50
n04487081_272.JPEG	33	19	52	53
n04487081_275.JPEG	0	4	63	60
n04487081_100.JPEG	13	27	50	40
n04487081_305.JPEG	14	9	53	54
n04487081_435.JPEG	0	11	63	60
n04487081_485.JPEG	30	35	62	58
n04487081_429.JPEG	0	10	63	58
n04487081_112.JPEG	1	16	39	58
n04487081_239.JPEG	24	12	51	35
n04487081_420.JPEG	3	19	63	40
n04487081_320.JPEG	0	15	56	52
n04487081_251.JPEG	0	20	43	51
n04487081_334.JPEG	5	10	63	53
n04487081_468.JPEG	3	7	51	50
n04487081_291.JPEG	6	25	60	44
n04487081_436.JPEG	0	29	63	54
n04487081_208.JPEG	17	23	63	35
n04487081_224.JPEG	20	12	55	52
n04487081_230.JPEG	26	1	63	48
n04487081_22.JPEG	11	0	51	47
n04487081_441.JPEG	15	26	38	49
n04487081_81.JPEG	24	22	63	50
n04487081_71.JPEG	8	12	55	60
n04487081_64.JPEG	0	15	63	52
n04487081_192.JPEG	0	13	57	53
n04487081_281.JPEG	1	32	63	59
n04487081_220.JPEG	0	19	63	57
n04487081_333.JPEG	14	10	46	39
n04487081_255.JPEG	0	1	55	51
n04487081_278.JPEG	0	10	63	38
n04487081_35.JPEG	9	17	62	48
n04487081_300.JPEG	3	9	58	46
n04487081_337.JPEG	0	4	46	57
n04487081_365.JPEG	8	32	63	55
n04487081_259.JPEG	2	21	33	44
n04487081_359.JPEG	11	4	59	42
n04487081_360.JPEG	2	19	63	39
n04487081_69.JPEG	6	13	57	47
n04487081_407.JPEG	11	22	53	41
n04487081_149.JPEG	4	36	61	48
n04487081_270.JPEG	0	19	63	63
n04487081_5.JPEG	0	28	63	54
n04487081_279.JPEG	11	23	63	52
n04487081_163.JPEG	11	12	63	49
n04487081_383.JPEG	2	7	31	40
n04487081_377.JPEG	11	12	63	49
n04487081_34.JPEG	0	30	63	50
n04487081_295.JPEG	13	19	45	44
n04487081_465.JPEG	5	12	49	50
n04487081_473.JPEG	6	14	52	44
n04487081_448.JPEG	0	18	63	48
n04487081_36.JPEG	25	20	63	59
n04487081_225.JPEG	0	23	60	44
n04487081_117.JPEG	5	20	63	49
n04487081_19.JPEG	0	10	60	41
n04487081_217.JPEG	4	9	52	55
n04487081_130.JPEG	3	25	53	54
n04487081_403.JPEG	5	23	55	45
n04487081_240.JPEG	30	20	45	35
n04487081_139.JPEG	20	30	55	46
n04487081_61.JPEG	12	15	63	43
n04487081_193.JPEG	12	7	58	53
n04487081_335.JPEG	26	25	58	60
n04487081_97.JPEG	0	19	62	51
n04487081_177.JPEG	0	25	58	42
n04487081_486.JPEG	0	8	40	59
n04487081_33.JPEG	45	17	63	54
n04487081_404.JPEG	5	1	62	51
n04487081_457.JPEG	21	18	45	45
n04487081_151.JPEG	48	20	63	37
n04487081_326.JPEG	19	21	58	47
n04487081_94.JPEG	0	13	55	40
n04487081_76.JPEG	0	0	63	63
n04487081_431.JPEG	0	28	56	52
n04487081_267.JPEG	0	33	63	60
n04487081_366.JPEG	23	19	56	38
n04487081_321.JPEG	11	16	53	45
n04487081_146.JPEG	5	20	56	63
n04487081_184.JPEG	8	18	63	40
n04487081_68.JPEG	0	6	45	40
n04487081_408.JPEG	5	21	59	58
n04487081_222.JPEG	0	26	62	53
n04487081_339.JPEG	1	1	63	41
n04487081_265.JPEG	0	13	63	49
n04487081_438.JPEG	15	0	63	58
n04487081_419.JPEG	11	24	39	42
n04487081_18.JPEG	12	23	47	37
n04487081_324.JPEG	16	17	53	43
n04487081_358.JPEG	8	0	63	44
n04487081_488.JPEG	33	25	51	40
n04487081_231.JPEG	0	17	62	47
n04487081_46.JPEG	9	11	48	49
n04487081_493.JPEG	0	1	63	52
n04487081_121.JPEG	13	27	50	59
n04487081_210.JPEG	18	19	42	42
n04487081_237.JPEG	11	26	63	49
n04487081_9.JPEG	0	6	63	63
n04487081_106.JPEG	0	0	63	42
n04487081_474.JPEG	17	23	57	49
n04487081_148.JPEG	26	19	62	49
n04487081_361.JPEG	22	10	59	49
n04487081_24.JPEG	6	17	55	45
n04487081_91.JPEG	7	0	59	55
n04487081_45.JPEG	16	25	58	55
n04487081_77.JPEG	0	0	63	47
n04487081_186.JPEG	10	20	47	38
n04487081_215.JPEG	13	20	47	37
n04487081_302.JPEG	14	23	34	36
n04487081_56.JPEG	13	18	39	46
n04487081_323.JPEG	1	4	31	47
n04487081_370.JPEG	18	17	41	41
n04487081_447.JPEG	0	46	48	63
n04487081_385.JPEG	16	11	63	56
n04487081_381.JPEG	10	22	61	46
n04487081_398.JPEG	7	10	55	45
n04487081_330.JPEG	7	28	63	57
n04487081_415.JPEG	27	24	60	41
n04487081_256.JPEG	0	7	63	57
n04487081_311.JPEG	0	22	59	51
n04487081_469.JPEG	13	12	63	51
n04487081_223.JPEG	9	9	63	61
n04487081_38.JPEG	0	31	63	58
n04487081_459.JPEG	4	15	56	48
n04487081_73.JPEG	9	23	53	50
n04487081_262.JPEG	9	2	60	43
n04487081_422.JPEG	16	17	52	34
n04487081_13.JPEG	15	6	46	47
n04487081_274.JPEG	21	32	53	44
n04487081_205.JPEG	0	1	37	59
n04487081_292.JPEG	0	8	63	50
n04487081_53.JPEG	6	21	63	52
n04487081_458.JPEG	16	29	57	61
n04487081_396.JPEG	14	1	58	63
n04487081_40.JPEG	14	10	63	47
n04487081_154.JPEG	0	0	60	38
n04487081_386.JPEG	43	32	63	51
n04487081_10.JPEG	4	2	63	58
n04487081_30.JPEG	9	6	59	49
n04487081_32.JPEG	7	12	61	55
n04487081_197.JPEG	13	8	54	46
n04487081_199.JPEG	7	23	63	63
n04487081_228.JPEG	6	29	52	62
n04487081_138.JPEG	4	0	46	41
n04487081_41.JPEG	17	22	63	38
n04487081_432.JPEG	4	14	54	47
n04487081_248.JPEG	19	25	52	38
n04487081_380.JPEG	0	13	41	49
n04487081_307.JPEG	6	22	63	51
n04487081_191.JPEG	14	14	43	41
n04487081_368.JPEG	0	0	63	63
n04487081_111.JPEG	13	28	63	49
n04487081_211.JPEG	0	22	60	56
n04487081_445.JPEG	31	22	47	35
n04487081_182.JPEG	0	4	63	61
n04487081_87.JPEG	0	25	49	52
n04487081_460.JPEG	0	5	62	61
n04487081_227.JPEG	27	24	46	38
n04487081_411.JPEG	24	4	55	43
n04487081_12.JPEG	9	25	47	58
n04487081_93.JPEG	18	1	52	47
n04487081_212.JPEG	40	20	51	31
n04487081_67.JPEG	1	9	63	44
n04487081_424.JPEG	4	0	63	58
n04487081_169.JPEG	6	22	57	47
n04487081_264.JPEG	0	16	63	63
n04487081_426.JPEG	0	30	60	54
n04487081_47.JPEG	25	11	55	45
n04487081_308.JPEG	2	0	63	43
n04487081_325.JPEG	0	10	63	59
n04487081_90.JPEG	17	17	55	56
n04487081_347.JPEG	6	24	55	52
n04487081_384.JPEG	34	18	63	47
n04487081_372.JPEG	22	29	39	46
n04487081_188.JPEG	1	3	63	38
n04487081_189.JPEG	5	13	63	50
n04487081_82.JPEG	0	12	63	51
n04487081_63.JPEG	4	13	48	52
n04487081_480.JPEG	4	27	63	50
val_2114.JPEG	22	22	48	49
val_5026.JPEG	4	16	58	51
val_4706.JPEG	17	0	48	40
val_212.JPEG	20	7	42	47
val_4046.JPEG	0	31	33	59
val_7525.JPEG	0	2	63	63
val_6275.JPEG	18	30	63	48
val_8014.JPEG	2	6	52	59
val_1343.JPEG	31	37	62	56
val_5175.JPEG	17	25	63	50
val_8656.JPEG	18	27	51	54
val_2151.JPEG	0	16	63	63
val_3713.JPEG	10	12	53	55
val_273.JPEG	13	22	56	55
val_2485.JPEG	13	15	50	40
val_9080.JPEG	17	31	51	53
val_3027.JPEG	14	12	36	47
val_8858.JPEG	11	18	55	41
val_7100.JPEG	18	19	31	42
val_6453.JPEG	9	11	36	46
val_3658.JPEG	16	18	54	42
val_2517.JPEG	4	0	61	63
val_4087.JPEG	2	21	63	52
val_7608.JPEG	34	15	63	39
val_4985.JPEG	11	1	63	55
val_4606.JPEG	19	19	42	52
val_4122.JPEG	4	18	63	41
val_98.JPEG	12	31	33	51
val_8549.JPEG	12	15	61	60
val_6923.JPEG	2	11	38	49
val_6332.JPEG	16	31	63	58
val_1316.JPEG	10	27	59	42
val_1825.JPEG	0	15	63	52
val_1433.JPEG	4	16	43	48
val_8036.JPEG	22	6	63	39
