n01882714_487.JPEG	0	1	63	63
n01882714_376.JPEG	0	1	63	63
n01882714_22.JPEG	28	18	62	63
n01882714_408.JPEG	4	9	21	35
n01882714_463.JPEG	0	4	63	63
n01882714_232.JPEG	24	29	42	49
n01882714_385.JPEG	0	0	62	63
n01882714_197.JPEG	5	19	50	42
n01882714_268.JPEG	3	0	54	63
n01882714_92.JPEG	2	0	63	63
n01882714_141.JPEG	6	0	51	63
n01882714_283.JPEG	0	4	63	63
n01882714_254.JPEG	17	24	59	63
n01882714_319.JPEG	0	2	63	63
n01882714_315.JPEG	0	0	59	62
n01882714_462.JPEG	1	0	63	63
n01882714_387.JPEG	4	11	48	63
n01882714_110.JPEG	0	0	63	63
n01882714_325.JPEG	11	15	49	55
n01882714_275.JPEG	6	32	63	63
n01882714_358.JPEG	14	11	58	63
n01882714_312.JPEG	10	19	31	57
n01882714_440.JPEG	2	0	61	63
n01882714_15.JPEG	23	17	37	42
n01882714_447.JPEG	16	5	32	24
n01882714_196.JPEG	0	0	63	63
n01882714_473.JPEG	22	0	55	31
n01882714_107.JPEG	7	0	63	60
n01882714_3.JPEG	4	13	40	54
n01882714_54.JPEG	11	39	63	63
n01882714_64.JPEG	13	0	54	61
n01882714_318.JPEG	9	2	49	62
n01882714_180.JPEG	12	7	58	56
n01882714_89.JPEG	0	0	63	63
n01882714_276.JPEG	6	9	57	55
n01882714_479.JPEG	0	3	63	62
n01882714_82.JPEG	17	8	63	46
n01882714_18.JPEG	1	0	55	63
n01882714_12.JPEG	2	1	63	63
n01882714_61.JPEG	18	11	57	62
n01882714_23.JPEG	0	0	48	63
n01882714_455.JPEG	1	2	63	63
n01882714_464.JPEG	14	3	63	63
n01882714_69.JPEG	29	25	63	63
n01882714_221.JPEG	7	1	54	63
n01882714_354.JPEG	7	10	63	63
n01882714_239.JPEG	13	7	49	58
n01882714_259.JPEG	4	12	50	63
n01882714_203.JPEG	1	0	63	63
n01882714_324.JPEG	1	0	56	63
n01882714_405.JPEG	0	4	63	63
n01882714_465.JPEG	0	2	63	63
n01882714_241.JPEG	18	7	61	63
n01882714_161.JPEG	0	0	63	63
n01882714_422.JPEG	3	0	63	63
n01882714_456.JPEG	0	0	63	63
n01882714_129.JPEG	0	5	61	63
n01882714_59.JPEG	1	1	63	63
n01882714_377.JPEG	1	0	62	63
n01882714_127.JPEG	16	18	46	45
n01882714_115.JPEG	1	0	63	63
n01882714_414.JPEG	0	0	57	63
n01882714_476.JPEG	5	10	54	55
n01882714_13.JPEG	25	11	44	34
n01882714_63.JPEG	26	21	38	42
n01882714_332.JPEG	2	0	59	63
n01882714_480.JPEG	3	0	56	63
n01882714_200.JPEG	0	0	55	63
n01882714_366.JPEG	4	2	57	63
n01882714_477.JPEG	0	0	63	63
n01882714_164.JPEG	0	0	63	63
n01882714_90.JPEG	0	11	42	58
n01882714_285.JPEG	24	23	51	50
n01882714_349.JPEG	0	11	42	62
n01882714_390.JPEG	1	0	59	63
n01882714_485.JPEG	11	25	32	40
n01882714_60.JPEG	3	11	54	52
n01882714_72.JPEG	9	3	51	63
n01882714_497.JPEG	3	0	60	63
n01882714_496.JPEG	10	0	60	63
n01882714_2.JPEG	1	0	54	63
n01882714_402.JPEG	36	25	52	50
n01882714_26.JPEG	13	6	63	63
n01882714_292.JPEG	0	5	53	59
n01882714_100.JPEG	5	2	52	63
n01882714_106.JPEG	5	11	52	52
n01882714_481.JPEG	14	5	53	56
n01882714_427.JPEG	8	1	57	63
n01882714_375.JPEG	16	9	55	53
n01882714_186.JPEG	0	9	63	63
n01882714_446.JPEG	0	5	62	63
n01882714_185.JPEG	8	6	58	61
n01882714_29.JPEG	30	21	63	63
n01882714_42.JPEG	15	12	56	62
n01882714_118.JPEG	0	5	63	63
n01882714_262.JPEG	7	15	56	47
n01882714_443.JPEG	10	0	62	63
n01882714_441.JPEG	5	15	35	60
n01882714_373.JPEG	2	0	56	63
n01882714_84.JPEG	4	1	52	63
n01882714_352.JPEG	17	18	40	45
n01882714_158.JPEG	4	0	58	62
n01882714_474.JPEG	1	0	63	53
n01882714_170.JPEG	19	44	59	63
n01882714_167.JPEG	8	4	55	59
n01882714_336.JPEG	10	4	60	63
n01882714_24.JPEG	4	0	57	55
n01882714_154.JPEG	13	3	34	55
n01882714_213.JPEG	18	8	63	61
n01882714_46.JPEG	20	22	46	57
n01882714_255.JPEG	0	1	63	63
n01882714_199.JPEG	0	0	25	26
n01882714_152.JPEG	11	0	61	49
n01882714_191.JPEG	4	0	56	63
n01882714_234.JPEG	1	0	63	63
n01882714_492.JPEG	11	0	56	60
n01882714_331.JPEG	22	12	35	39
n01882714_202.JPEG	22	14	45	60
n01882714_450.JPEG	24	23	43	48
n01882714_395.JPEG	0	0	63	63
n01882714_206.JPEG	14	4	41	34
n01882714_295.JPEG	3	0	60	63
n01882714_124.JPEG	26	14	51	60
n01882714_85.JPEG	5	3	59	63
n01882714_4.JPEG	10	0	58	63
n01882714_418.JPEG	33	10	63	60
n01882714_132.JPEG	9	0	59	63
n01882714_1.JPEG	0	1	63	63
n01882714_309.JPEG	9	6	45	60
n01882714_153.JPEG	0	4	48	63
n01882714_277.JPEG	7	7	58	58
n01882714_335.JPEG	18	16	51	46
n01882714_364.JPEG	9	8	49	62
n01882714_353.JPEG	31	26	48	48
n01882714_280.JPEG	0	10	55	63
n01882714_87.JPEG	6	10	49	63
n01882714_179.JPEG	0	4	38	59
n01882714_483.JPEG	12	3	57	59
n01882714_286.JPEG	16	17	39	54
n01882714_240.JPEG	0	4	59	59
n01882714_426.JPEG	6	11	40	46
n01882714_166.JPEG	2	1	63	63
n01882714_266.JPEG	5	18	36	55
n01882714_144.JPEG	4	0	62	63
n01882714_49.JPEG	22	3	49	50
n01882714_95.JPEG	1	0	63	63
n01882714_209.JPEG	3	0	55	63
n01882714_401.JPEG	17	10	63	63
n01882714_389.JPEG	0	0	63	63
n01882714_188.JPEG	0	22	47	59
n01882714_183.JPEG	14	12	53	61
n01882714_125.JPEG	0	2	63	63
n01882714_38.JPEG	13	3	53	51
n01882714_361.JPEG	19	15	41	45
n01882714_171.JPEG	6	1	53	63
n01882714_341.JPEG	49	9	63	42
n01882714_278.JPEG	2	0	58	63
n01882714_251.JPEG	8	14	41	59
n01882714_189.JPEG	5	0	55	63
n01882714_342.JPEG	1	0	62	63
n01882714_163.JPEG	8	5	46	62
n01882714_454.JPEG	0	9	48	63
n01882714_282.JPEG	0	0	63	63
n01882714_198.JPEG	6	1	61	63
n01882714_71.JPEG	24	23	35	40
n01882714_407.JPEG	0	7	63	56
n01882714_205.JPEG	10	10	54	61
n01882714_172.JPEG	1	0	63	63
n01882714_272.JPEG	23	28	34	42
n01882714_371.JPEG	9	0	61	63
n01882714_302.JPEG	4	0	55	57
n01882714_62.JPEG	1	0	57	63
n01882714_52.JPEG	0	5	63	63
n01882714_430.JPEG	22	6	63	63
n01882714_297.JPEG	14	13	50	63
n01882714_351.JPEG	1	2	61	63
n01882714_80.JPEG	16	18	44	51
n01882714_34.JPEG	11	3	52	63
n01882714_70.JPEG	12	0	63	63
n01882714_91.JPEG	4	0	63	63
n01882714_380.JPEG	1	0	53	63
n01882714_393.JPEG	18	0	50	27
n01882714_392.JPEG	4	0	62	61
n01882714_290.JPEG	3	3	62	62
n01882714_381.JPEG	0	1	63	63
n01882714_44.JPEG	0	7	58	63
n01882714_10.JPEG	14	1	63	63
n01882714_431.JPEG	0	3	63	63
n01882714_157.JPEG	3	0	63	61
n01882714_269.JPEG	16	5	53	52
n01882714_216.JPEG	8	11	51	59
n01882714_368.JPEG	0	1	60	63
n01882714_370.JPEG	28	11	49	48
n01882714_121.JPEG	7	17	38	63
n01882714_486.JPEG	14	18	42	52
n01882714_237.JPEG	0	0	63	63
n01882714_108.JPEG	3	0	63	63
n01882714_421.JPEG	21	11	63	63
n01882714_482.JPEG	0	0	63	63
n01882714_116.JPEG	1	0	63	63
n01882714_423.JPEG	28	0	37	12
n01882714_475.JPEG	38	14	63	60
n01882714_409.JPEG	3	0	63	63
n01882714_217.JPEG	5	3	51	56
n01882714_120.JPEG	14	12	44	61
n01882714_300.JPEG	0	8	61	59
n01882714_294.JPEG	0	3	63	63
n01882714_396.JPEG	12	12	37	47
n01882714_8.JPEG	6	5	63	59
n01882714_293.JPEG	11	7	53	56
n01882714_379.JPEG	12	6	59	63
n01882714_79.JPEG	2	1	63	63
n01882714_273.JPEG	3	4	63	63
n01882714_143.JPEG	0	0	59	63
n01882714_227.JPEG	4	0	60	63
n01882714_212.JPEG	14	9	63	61
n01882714_291.JPEG	0	6	63	63
n01882714_122.JPEG	0	36	37	63
n01882714_417.JPEG	22	18	46	61
n01882714_83.JPEG	25	23	40	43
n01882714_452.JPEG	0	5	63	62
n01882714_338.JPEG	32	1	60	44
n01882714_98.JPEG	8	6	23	13
n01882714_151.JPEG	8	0	63	63
n01882714_490.JPEG	23	21	63	63
n01882714_147.JPEG	0	1	63	63
n01882714_75.JPEG	23	13	47	44
n01882714_6.JPEG	0	6	59	62
n01882714_173.JPEG	4	11	57	59
n01882714_424.JPEG	12	0	58	63
n01882714_184.JPEG	1	0	62	63
n01882714_19.JPEG	17	9	63	63
n01882714_494.JPEG	13	10	53	59
n01882714_28.JPEG	1	0	63	63
n01882714_223.JPEG	20	0	63	63
n01882714_160.JPEG	11	3	61	60
n01882714_101.JPEG	12	0	57	63
n01882714_439.JPEG	0	3	60	63
n01882714_344.JPEG	0	6	63	63
n01882714_478.JPEG	8	0	61	63
n01882714_25.JPEG	9	5	56	57
n01882714_245.JPEG	31	40	46	63
n01882714_165.JPEG	11	10	44	57
n01882714_347.JPEG	10	1	54	63
n01882714_322.JPEG	15	7	45	63
n01882714_298.JPEG	0	1	63	63
n01882714_399.JPEG	9	26	62	63
n01882714_220.JPEG	2	0	63	63
n01882714_323.JPEG	3	3	55	63
n01882714_308.JPEG	21	13	47	55
n01882714_378.JPEG	16	10	55	62
n01882714_274.JPEG	38	20	45	28
n01882714_140.JPEG	12	4	50	55
n01882714_228.JPEG	10	9	63	63
n01882714_211.JPEG	12	16	57	63
n01882714_263.JPEG	6	4	63	63
n01882714_391.JPEG	8	0	63	63
n01882714_419.JPEG	1	0	63	63
n01882714_313.JPEG	1	0	63	63
n01882714_11.JPEG	0	0	63	63
n01882714_279.JPEG	4	0	61	63
n01882714_51.JPEG	24	21	47	48
n01882714_305.JPEG	0	0	63	63
n01882714_37.JPEG	36	20	63	54
n01882714_310.JPEG	2	0	63	63
n01882714_201.JPEG	0	4	63	59
n01882714_17.JPEG	0	1	63	63
n01882714_413.JPEG	7	11	47	63
n01882714_488.JPEG	4	0	53	44
n01882714_249.JPEG	0	3	63	61
n01882714_281.JPEG	0	1	63	63
n01882714_248.JPEG	18	5	63	46
n01882714_348.JPEG	3	0	54	63
n01882714_39.JPEG	0	15	63	63
n01882714_30.JPEG	23	9	43	36
n01882714_225.JPEG	0	5	50	63
n01882714_181.JPEG	15	17	63	63
n01882714_113.JPEG	13	3	49	63
n01882714_428.JPEG	0	1	63	63
n01882714_491.JPEG	14	10	50	50
n01882714_410.JPEG	12	14	54	63
n01882714_442.JPEG	9	0	57	63
n01882714_316.JPEG	6	7	52	63
n01882714_299.JPEG	5	6	52	63
n01882714_57.JPEG	10	12	46	47
n01882714_53.JPEG	7	4	62	55
n01882714_270.JPEG	1	1	63	63
n01882714_159.JPEG	4	0	61	63
n01882714_146.JPEG	0	3	41	56
n01882714_362.JPEG	10	0	63	63
n01882714_137.JPEG	27	20	48	57
n01882714_400.JPEG	1	15	49	63
n01882714_66.JPEG	9	8	63	63
n01882714_357.JPEG	0	3	56	59
n01882714_128.JPEG	5	7	59	62
n01882714_99.JPEG	15	0	53	63
n01882714_493.JPEG	15	5	60	61
n01882714_257.JPEG	3	6	63	63
n01882714_195.JPEG	0	5	48	60
n01882714_88.JPEG	1	0	63	63
n01882714_43.JPEG	26	30	56	62
n01882714_235.JPEG	6	0	57	63
n01882714_47.JPEG	20	14	46	38
n01882714_296.JPEG	0	0	63	63
n01882714_21.JPEG	7	0	57	63
n01882714_412.JPEG	2	0	63	63
n01882714_265.JPEG	42	6	63	46
n01882714_145.JPEG	0	1	63	63
n01882714_102.JPEG	16	15	44	53
n01882714_460.JPEG	0	12	58	63
n01882714_284.JPEG	0	4	63	63
n01882714_472.JPEG	12	33	41	63
n01882714_169.JPEG	13	4	55	61
n01882714_327.JPEG	11	3	54	58
n01882714_222.JPEG	8	12	47	51
n01882714_20.JPEG	3	0	60	63
n01882714_208.JPEG	2	2	60	63
n01882714_175.JPEG	2	0	63	63
n01882714_247.JPEG	0	1	63	63
n01882714_436.JPEG	18	14	50	58
n01882714_374.JPEG	1	18	48	62
n01882714_148.JPEG	18	13	47	40
n01882714_67.JPEG	17	18	49	42
n01882714_119.JPEG	0	12	63	63
n01882714_126.JPEG	0	1	63	63
n01882714_468.JPEG	2	0	53	63
n01882714_41.JPEG	5	0	62	63
n01882714_304.JPEG	0	2	63	63
n01882714_470.JPEG	15	10	62	47
n01882714_444.JPEG	6	0	61	63
n01882714_0.JPEG	1	0	63	63
n01882714_350.JPEG	0	1	63	63
n01882714_356.JPEG	0	2	63	63
n01882714_35.JPEG	2	0	63	63
n01882714_187.JPEG	0	7	40	63
n01882714_340.JPEG	11	0	56	63
n01882714_238.JPEG	15	0	47	57
n01882714_420.JPEG	14	15	47	57
n01882714_244.JPEG	1	0	62	63
n01882714_434.JPEG	13	5	63	63
n01882714_343.JPEG	0	3	63	63
n01882714_489.JPEG	0	6	63	63
n01882714_149.JPEG	7	2	53	63
n01882714_104.JPEG	7	2	58	50
n01882714_406.JPEG	6	1	61	63
n01882714_243.JPEG	1	1	63	63
n01882714_9.JPEG	14	0	58	62
n01882714_311.JPEG	0	1	63	63
n01882714_218.JPEG	3	0	57	63
n01882714_111.JPEG	7	0	63	63
val_275.JPEG	0	0	57	63
val_7667.JPEG	5	16	54	52
val_8252.JPEG	21	8	63	63
val_8194.JPEG	33	41	63	63
val_8499.JPEG	0	6	28	56
val_7266.JPEG	11	0	55	61
val_6578.JPEG	6	1	55	60
val_1240.JPEG	2	9	63	63
val_5004.JPEG	0	7	49	63
val_3362.JPEG	7	7	51	53
val_358.JPEG	19	8	63	63
val_9664.JPEG	9	12	50	53
val_1483.JPEG	26	5	63	55
val_9580.JPEG	0	0	54	63
val_1929.JPEG	0	9	63	63
val_4115.JPEG	0	0	52	63
val_6748.JPEG	1	7	63	63
val_5821.JPEG	3	0	58	63
val_7725.JPEG	13	12	45	46
val_6076.JPEG	0	10	36	63
val_5863.JPEG	14	6	43	44
val_7477.JPEG	10	8	47	56
val_1083.JPEG	10	10	61	63
val_6644.JPEG	20	11	47	47
val_4677.JPEG	18	4	57	63
val_357.JPEG	1	0	63	63
val_3850.JPEG	0	8	52	54
val_8419.JPEG	20	1	58	62
val_2860.JPEG	24	7	39	36
val_7842.JPEG	0	0	63	63
val_8397.JPEG	10	2	43	51
val_4257.JPEG	9	1	62	54
val_3202.JPEG	6	10	57	45
val_6973.JPEG	14	0	63	51
val_7074.JPEG	1	0	63	63
