n03085013_326.JPEG	1	0	63	63
n03085013_351.JPEG	16	41	63	63
n03085013_490.JPEG	51	21	63	44
n03085013_106.JPEG	0	12	63	63
n03085013_262.JPEG	0	4	63	63
n03085013_291.JPEG	0	33	54	63
n03085013_349.JPEG	0	13	63	52
n03085013_101.JPEG	0	35	63	63
n03085013_360.JPEG	0	1	63	63
n03085013_424.JPEG	0	9	63	63
n03085013_369.JPEG	17	17	58	63
n03085013_484.JPEG	0	1	63	63
n03085013_142.JPEG	11	47	58	61
n03085013_257.JPEG	0	0	63	63
n03085013_374.JPEG	0	4	63	63
n03085013_155.JPEG	1	0	63	63
n03085013_245.JPEG	25	8	63	57
n03085013_489.JPEG	0	0	63	63
n03085013_276.JPEG	0	0	63	63
n03085013_289.JPEG	0	12	63	36
n03085013_266.JPEG	0	20	63	63
n03085013_457.JPEG	0	43	51	63
n03085013_272.JPEG	0	22	63	63
n03085013_148.JPEG	0	24	63	60
n03085013_279.JPEG	15	39	46	50
n03085013_88.JPEG	0	17	63	62
n03085013_64.JPEG	0	37	63	63
n03085013_287.JPEG	0	0	63	63
n03085013_132.JPEG	1	0	63	63
n03085013_213.JPEG	0	1	63	63
n03085013_468.JPEG	0	0	63	63
n03085013_487.JPEG	0	15	63	63
n03085013_410.JPEG	0	25	49	62
n03085013_165.JPEG	0	24	63	55
n03085013_317.JPEG	6	35	36	55
n03085013_81.JPEG	0	1	63	63
n03085013_207.JPEG	0	0	63	63
n03085013_366.JPEG	0	0	63	63
n03085013_299.JPEG	0	10	63	63
n03085013_411.JPEG	0	19	63	49
n03085013_473.JPEG	18	30	42	35
n03085013_482.JPEG	0	1	63	63
n03085013_23.JPEG	0	8	63	63
n03085013_460.JPEG	0	0	63	63
n03085013_77.JPEG	0	0	63	63
n03085013_397.JPEG	19	17	53	39
n03085013_261.JPEG	0	16	63	63
n03085013_440.JPEG	0	0	63	63
n03085013_469.JPEG	15	38	40	47
n03085013_346.JPEG	8	8	52	63
n03085013_125.JPEG	0	0	63	63
n03085013_144.JPEG	0	0	63	63
n03085013_109.JPEG	0	0	63	63
n03085013_391.JPEG	8	46	49	58
n03085013_34.JPEG	0	11	63	63
n03085013_378.JPEG	0	1	63	63
n03085013_167.JPEG	0	33	63	63
n03085013_224.JPEG	0	34	63	63
n03085013_438.JPEG	0	6	63	63
n03085013_288.JPEG	0	0	63	63
n03085013_68.JPEG	0	1	63	63
n03085013_361.JPEG	0	45	63	63
n03085013_303.JPEG	0	24	63	53
n03085013_233.JPEG	6	8	63	57
n03085013_26.JPEG	3	21	63	48
n03085013_11.JPEG	0	0	63	63
n03085013_44.JPEG	0	16	56	41
n03085013_371.JPEG	0	1	63	63
n03085013_350.JPEG	0	0	63	63
n03085013_458.JPEG	0	0	63	63
n03085013_281.JPEG	0	16	63	63
n03085013_470.JPEG	21	0	63	49
n03085013_136.JPEG	0	2	63	55
n03085013_357.JPEG	0	39	63	63
n03085013_194.JPEG	0	1	63	63
n03085013_95.JPEG	18	62	63	63
n03085013_172.JPEG	20	40	37	63
n03085013_447.JPEG	0	0	63	63
n03085013_280.JPEG	0	0	63	63
n03085013_13.JPEG	20	36	63	52
n03085013_85.JPEG	0	0	63	63
n03085013_286.JPEG	0	1	63	63
n03085013_6.JPEG	0	0	63	63
n03085013_54.JPEG	0	15	63	63
n03085013_78.JPEG	0	1	63	63
n03085013_408.JPEG	0	14	63	63
n03085013_254.JPEG	0	0	63	63
n03085013_223.JPEG	0	0	63	63
n03085013_355.JPEG	0	0	63	53
n03085013_472.JPEG	20	32	62	45
n03085013_479.JPEG	0	0	63	63
n03085013_251.JPEG	7	37	59	52
n03085013_71.JPEG	0	8	63	52
n03085013_161.JPEG	0	0	63	63
n03085013_307.JPEG	0	12	62	58
n03085013_314.JPEG	0	1	63	63
n03085013_345.JPEG	0	0	63	63
n03085013_480.JPEG	32	1	63	38
n03085013_488.JPEG	0	2	63	60
n03085013_270.JPEG	0	10	63	63
n03085013_4.JPEG	18	35	63	51
n03085013_275.JPEG	0	9	58	63
n03085013_15.JPEG	0	0	63	63
n03085013_202.JPEG	0	1	63	63
n03085013_52.JPEG	0	1	63	63
n03085013_428.JPEG	0	3	61	28
n03085013_188.JPEG	14	30	25	40
n03085013_273.JPEG	0	0	63	57
n03085013_171.JPEG	0	47	38	63
n03085013_420.JPEG	0	13	63	33
n03085013_485.JPEG	0	0	63	63
n03085013_334.JPEG	0	8	63	63
n03085013_348.JPEG	5	47	44	63
n03085013_162.JPEG	0	7	63	63
n03085013_240.JPEG	0	39	28	53
n03085013_48.JPEG	0	0	63	63
n03085013_10.JPEG	0	0	62	63
n03085013_358.JPEG	0	1	63	63
n03085013_463.JPEG	0	13	63	63
n03085013_24.JPEG	0	0	63	63
n03085013_499.JPEG	0	1	63	63
n03085013_294.JPEG	0	0	35	38
n03085013_135.JPEG	0	15	63	34
n03085013_238.JPEG	0	1	48	63
n03085013_320.JPEG	0	11	63	46
n03085013_153.JPEG	0	0	63	63
n03085013_92.JPEG	0	0	63	63
n03085013_107.JPEG	0	27	44	57
n03085013_461.JPEG	0	0	63	63
n03085013_196.JPEG	0	20	63	55
n03085013_416.JPEG	30	58	41	63
n03085013_462.JPEG	2	19	63	63
n03085013_425.JPEG	0	19	63	48
n03085013_312.JPEG	0	21	63	47
n03085013_150.JPEG	18	32	38	35
n03085013_426.JPEG	21	14	63	33
n03085013_143.JPEG	0	0	63	63
n03085013_338.JPEG	0	5	63	62
n03085013_55.JPEG	0	53	56	63
n03085013_139.JPEG	31	15	63	60
n03085013_309.JPEG	0	39	63	63
n03085013_315.JPEG	18	38	44	48
n03085013_392.JPEG	0	24	63	63
n03085013_319.JPEG	0	13	63	63
n03085013_437.JPEG	0	13	63	63
n03085013_337.JPEG	27	47	63	63
n03085013_66.JPEG	0	2	63	63
n03085013_367.JPEG	0	0	63	63
n03085013_2.JPEG	0	16	63	63
n03085013_59.JPEG	0	1	63	63
n03085013_37.JPEG	0	0	63	63
n03085013_304.JPEG	0	50	58	63
n03085013_18.JPEG	0	0	63	63
n03085013_250.JPEG	0	38	25	53
n03085013_47.JPEG	0	0	63	63
n03085013_365.JPEG	0	14	63	62
n03085013_87.JPEG	0	1	63	63
n03085013_396.JPEG	0	1	52	60
n03085013_241.JPEG	0	0	63	63
n03085013_483.JPEG	8	23	18	31
n03085013_229.JPEG	0	53	63	63
n03085013_57.JPEG	0	15	63	63
n03085013_189.JPEG	0	0	63	63
n03085013_166.JPEG	0	0	63	63
n03085013_384.JPEG	0	0	63	21
n03085013_197.JPEG	0	3	63	44
n03085013_258.JPEG	0	0	63	63
n03085013_278.JPEG	0	1	63	63
n03085013_263.JPEG	0	4	63	63
n03085013_186.JPEG	18	40	47	46
n03085013_90.JPEG	0	27	63	54
n03085013_341.JPEG	0	26	63	63
n03085013_450.JPEG	0	9	63	56
n03085013_494.JPEG	0	1	63	37
n03085013_282.JPEG	11	38	57	63
n03085013_256.JPEG	0	9	63	43
n03085013_204.JPEG	0	29	63	63
n03085013_342.JPEG	0	0	63	63
n03085013_389.JPEG	0	0	63	63
n03085013_405.JPEG	0	16	63	63
n03085013_49.JPEG	0	0	63	63
n03085013_236.JPEG	0	0	63	63
n03085013_221.JPEG	0	0	63	63
n03085013_103.JPEG	0	3	63	63
n03085013_7.JPEG	0	5	63	58
n03085013_417.JPEG	0	0	63	63
n03085013_227.JPEG	0	3	63	57
n03085013_53.JPEG	0	0	63	63
n03085013_74.JPEG	9	23	29	29
n03085013_39.JPEG	31	35	63	63
n03085013_471.JPEG	0	1	63	63
n03085013_123.JPEG	0	5	63	63
n03085013_184.JPEG	0	0	41	15
n03085013_475.JPEG	0	21	63	54
n03085013_433.JPEG	0	18	63	63
n03085013_225.JPEG	0	1	63	63
n03085013_492.JPEG	0	14	63	60
n03085013_243.JPEG	0	18	63	40
n03085013_498.JPEG	0	4	63	61
n03085013_96.JPEG	7	0	59	21
n03085013_283.JPEG	0	1	63	63
n03085013_255.JPEG	0	12	63	63
n03085013_246.JPEG	0	1	63	63
n03085013_169.JPEG	0	1	63	63
n03085013_432.JPEG	0	1	63	63
n03085013_362.JPEG	6	41	37	63
n03085013_168.JPEG	0	22	50	38
n03085013_70.JPEG	0	1	63	63
n03085013_344.JPEG	0	1	63	63
n03085013_210.JPEG	0	0	63	63
n03085013_46.JPEG	0	0	63	63
n03085013_435.JPEG	0	0	63	63
n03085013_185.JPEG	0	1	63	63
n03085013_327.JPEG	0	4	63	47
n03085013_296.JPEG	0	0	63	63
n03085013_38.JPEG	0	0	31	63
n03085013_330.JPEG	0	7	63	63
n03085013_30.JPEG	0	0	63	63
n03085013_300.JPEG	0	16	61	41
n03085013_9.JPEG	0	4	25	24
n03085013_298.JPEG	0	1	63	63
n03085013_443.JPEG	0	17	63	59
n03085013_446.JPEG	0	0	63	63
n03085013_478.JPEG	0	37	44	63
n03085013_180.JPEG	21	34	50	49
n03085013_118.JPEG	28	31	63	60
n03085013_379.JPEG	0	1	63	63
n03085013_104.JPEG	0	0	63	63
n03085013_444.JPEG	0	0	63	63
n03085013_277.JPEG	0	3	63	57
n03085013_247.JPEG	0	1	63	63
n03085013_175.JPEG	0	0	63	58
n03085013_430.JPEG	0	0	63	63
n03085013_215.JPEG	1	0	63	63
n03085013_183.JPEG	0	0	63	63
n03085013_436.JPEG	45	1	63	63
n03085013_353.JPEG	0	0	63	63
n03085013_248.JPEG	0	37	63	62
n03085013_306.JPEG	0	24	25	63
n03085013_75.JPEG	0	0	63	63
n03085013_69.JPEG	0	0	63	63
n03085013_343.JPEG	0	0	63	63
n03085013_102.JPEG	0	0	63	63
n03085013_284.JPEG	0	0	63	63
n03085013_63.JPEG	0	12	63	42
n03085013_201.JPEG	0	1	63	63
n03085013_146.JPEG	20	43	57	63
n03085013_382.JPEG	1	0	63	63
n03085013_332.JPEG	0	13	63	41
n03085013_325.JPEG	0	0	63	63
n03085013_145.JPEG	0	4	63	63
n03085013_376.JPEG	0	3	63	61
n03085013_418.JPEG	0	1	63	63
n03085013_399.JPEG	0	1	63	63
n03085013_76.JPEG	0	18	63	47
n03085013_359.JPEG	0	9	63	37
n03085013_31.JPEG	0	0	63	63
n03085013_305.JPEG	51	43	63	57
n03085013_79.JPEG	0	25	63	63
n03085013_412.JPEG	0	0	63	63
n03085013_439.JPEG	0	15	63	52
n03085013_170.JPEG	16	24	63	63
n03085013_497.JPEG	0	21	63	63
n03085013_394.JPEG	0	10	52	63
n03085013_252.JPEG	0	1	63	63
n03085013_274.JPEG	0	23	63	63
n03085013_422.JPEG	0	7	63	63
n03085013_105.JPEG	0	1	63	41
n03085013_43.JPEG	29	50	62	56
n03085013_45.JPEG	0	11	31	50
n03085013_126.JPEG	4	35	59	47
n03085013_17.JPEG	0	0	63	63
n03085013_42.JPEG	0	0	63	63
n03085013_331.JPEG	22	44	63	55
n03085013_370.JPEG	0	21	63	63
n03085013_239.JPEG	0	1	63	63
n03085013_209.JPEG	0	0	63	47
n03085013_199.JPEG	0	1	63	63
n03085013_97.JPEG	0	7	63	63
n03085013_290.JPEG	0	0	63	63
n03085013_35.JPEG	0	1	63	63
n03085013_147.JPEG	1	16	63	49
n03085013_5.JPEG	0	0	49	63
n03085013_409.JPEG	0	0	63	63
n03085013_120.JPEG	0	8	63	63
n03085013_129.JPEG	20	32	63	63
n03085013_220.JPEG	0	2	63	63
n03085013_124.JPEG	0	0	63	63
n03085013_56.JPEG	0	51	63	63
n03085013_208.JPEG	0	24	63	63
n03085013_176.JPEG	0	11	63	63
n03085013_476.JPEG	0	0	63	63
n03085013_112.JPEG	0	0	63	63
n03085013_192.JPEG	0	2	63	63
n03085013_308.JPEG	0	12	63	63
n03085013_8.JPEG	1	9	57	63
n03085013_152.JPEG	0	0	63	63
n03085013_406.JPEG	0	34	63	63
n03085013_29.JPEG	0	18	63	52
n03085013_16.JPEG	0	43	14	63
n03085013_164.JPEG	0	1	63	63
n03085013_451.JPEG	1	0	63	53
n03085013_328.JPEG	7	47	48	63
n03085013_190.JPEG	13	27	63	63
n03085013_363.JPEG	18	29	61	63
n03085013_271.JPEG	0	0	63	63
n03085013_177.JPEG	0	0	63	63
n03085013_398.JPEG	0	2	63	57
n03085013_206.JPEG	0	1	63	63
n03085013_80.JPEG	3	7	63	35
n03085013_481.JPEG	0	13	63	42
n03085013_82.JPEG	0	37	53	63
n03085013_3.JPEG	3	40	63	63
n03085013_133.JPEG	0	1	63	63
n03085013_89.JPEG	0	0	63	63
n03085013_442.JPEG	0	1	63	63
n03085013_429.JPEG	15	43	63	63
n03085013_434.JPEG	25	14	61	63
n03085013_130.JPEG	11	0	63	45
n03085013_151.JPEG	0	1	63	63
n03085013_386.JPEG	0	9	63	28
n03085013_242.JPEG	0	40	63	63
n03085013_22.JPEG	0	1	63	63
n03085013_113.JPEG	0	33	63	63
n03085013_91.JPEG	0	46	63	63
n03085013_94.JPEG	0	18	63	52
n03085013_14.JPEG	0	3	63	55
n03085013_99.JPEG	0	0	63	63
n03085013_335.JPEG	0	6	63	59
n03085013_265.JPEG	0	0	63	63
n03085013_182.JPEG	0	0	63	61
n03085013_86.JPEG	0	14	63	59
n03085013_441.JPEG	0	0	63	63
n03085013_219.JPEG	0	1	63	63
n03085013_415.JPEG	0	1	63	63
n03085013_200.JPEG	0	0	63	63
n03085013_340.JPEG	0	27	63	54
n03085013_163.JPEG	0	0	63	63
n03085013_486.JPEG	0	46	63	63
n03085013_464.JPEG	0	1	63	63
n03085013_234.JPEG	0	0	63	63
n03085013_311.JPEG	0	3	63	61
n03085013_19.JPEG	0	13	63	52
n03085013_454.JPEG	0	48	63	63
n03085013_237.JPEG	5	32	59	51
n03085013_456.JPEG	11	53	63	63
n03085013_467.JPEG	0	0	63	63
n03085013_453.JPEG	0	0	63	63
n03085013_377.JPEG	43	47	63	63
n03085013_297.JPEG	0	28	15	45
val_825.JPEG	0	0	63	63
val_1258.JPEG	7	30	44	63
val_1404.JPEG	0	41	63	63
val_4235.JPEG	0	0	63	32
val_7609.JPEG	21	23	63	47
val_7442.JPEG	0	24	41	63
val_1708.JPEG	0	1	63	63
val_4308.JPEG	0	1	63	63
val_5921.JPEG	0	0	63	63
val_9793.JPEG	0	0	63	63
val_5166.JPEG	0	5	63	54
val_7225.JPEG	0	5	63	63
val_2334.JPEG	25	48	63	63
val_7037.JPEG	0	6	63	63
val_2892.JPEG	5	39	60	56
val_7711.JPEG	17	44	52	63
val_6495.JPEG	0	26	63	63
val_293.JPEG	0	0	63	63
val_7595.JPEG	0	0	63	63
val_2987.JPEG	0	0	63	63
val_7557.JPEG	0	0	63	36
val_4726.JPEG	36	28	63	37
val_5762.JPEG	1	27	63	63
val_3479.JPEG	0	1	63	63
val_4018.JPEG	17	44	49	56
val_7540.JPEG	0	12	63	57
val_1456.JPEG	0	23	63	45
val_1753.JPEG	0	1	63	63
val_6956.JPEG	0	1	63	63
val_9858.JPEG	0	1	63	63
val_5831.JPEG	0	0	63	63
val_9995.JPEG	0	0	63	63
val_8239.JPEG	0	23	63	63
val_1630.JPEG	0	35	63	63
val_1668.JPEG	0	41	32	63
