n04507155_496.JPEG	10	4	63	43
n04507155_130.JPEG	0	13	38	48
n04507155_233.JPEG	0	0	63	63
n04507155_106.JPEG	20	3	50	61
n04507155_55.JPEG	0	7	61	54
n04507155_352.JPEG	0	1	63	63
n04507155_96.JPEG	5	3	59	61
n04507155_168.JPEG	0	14	10	27
n04507155_353.JPEG	0	0	63	63
n04507155_394.JPEG	1	0	63	63
n04507155_173.JPEG	1	1	63	63
n04507155_291.JPEG	0	16	63	63
n04507155_325.JPEG	5	41	61	63
n04507155_167.JPEG	0	0	63	63
n04507155_477.JPEG	17	12	60	33
n04507155_326.JPEG	40	18	58	45
n04507155_122.JPEG	22	7	48	28
n04507155_133.JPEG	1	1	62	63
n04507155_487.JPEG	4	1	45	28
n04507155_117.JPEG	0	1	32	38
n04507155_363.JPEG	10	7	63	29
n04507155_78.JPEG	39	38	58	54
n04507155_348.JPEG	11	35	17	37
n04507155_404.JPEG	4	0	60	63
n04507155_22.JPEG	0	0	63	63
n04507155_64.JPEG	0	15	49	39
n04507155_345.JPEG	1	5	49	60
n04507155_421.JPEG	0	0	63	63
n04507155_183.JPEG	0	1	63	61
n04507155_444.JPEG	5	0	48	31
n04507155_145.JPEG	36	10	63	60
n04507155_286.JPEG	31	17	48	30
n04507155_362.JPEG	40	0	50	63
n04507155_137.JPEG	0	7	34	37
n04507155_151.JPEG	0	0	63	63
n04507155_150.JPEG	0	0	63	63
n04507155_406.JPEG	0	0	63	63
n04507155_71.JPEG	9	0	63	12
n04507155_91.JPEG	38	14	50	19
n04507155_332.JPEG	1	0	57	39
n04507155_304.JPEG	27	28	33	44
n04507155_144.JPEG	18	10	63	57
n04507155_467.JPEG	0	4	53	49
n04507155_123.JPEG	5	0	63	32
n04507155_449.JPEG	1	0	63	55
n04507155_336.JPEG	5	0	42	8
n04507155_180.JPEG	22	4	54	39
n04507155_483.JPEG	16	21	61	47
n04507155_62.JPEG	0	5	51	46
n04507155_92.JPEG	37	35	63	63
n04507155_424.JPEG	20	18	38	25
n04507155_107.JPEG	0	6	63	63
n04507155_37.JPEG	9	0	63	53
n04507155_497.JPEG	0	2	41	14
n04507155_428.JPEG	0	1	63	63
n04507155_417.JPEG	0	0	63	49
n04507155_77.JPEG	21	21	41	40
n04507155_118.JPEG	11	18	32	30
n04507155_450.JPEG	33	9	57	63
n04507155_54.JPEG	30	26	42	41
n04507155_252.JPEG	0	4	63	47
n04507155_250.JPEG	4	0	42	17
n04507155_222.JPEG	10	23	53	62
n04507155_8.JPEG	42	31	63	63
n04507155_73.JPEG	0	1	63	63
n04507155_409.JPEG	0	0	63	62
n04507155_102.JPEG	0	2	63	63
n04507155_140.JPEG	0	1	63	63
n04507155_413.JPEG	23	15	34	26
n04507155_441.JPEG	3	0	63	47
n04507155_240.JPEG	0	0	63	63
n04507155_227.JPEG	5	14	63	63
n04507155_342.JPEG	0	0	63	28
n04507155_305.JPEG	0	0	63	63
n04507155_267.JPEG	0	1	63	58
n04507155_430.JPEG	0	0	63	63
n04507155_360.JPEG	3	0	61	63
n04507155_462.JPEG	44	9	60	13
n04507155_283.JPEG	0	5	63	63
n04507155_436.JPEG	28	37	56	59
n04507155_13.JPEG	2	10	63	46
n04507155_282.JPEG	0	6	63	59
n04507155_470.JPEG	20	32	36	41
n04507155_425.JPEG	1	0	63	48
n04507155_457.JPEG	0	35	63	63
n04507155_408.JPEG	0	0	63	33
n04507155_68.JPEG	0	0	63	63
n04507155_263.JPEG	17	7	63	54
n04507155_172.JPEG	25	15	44	33
n04507155_40.JPEG	7	25	63	63
n04507155_274.JPEG	21	18	44	34
n04507155_392.JPEG	28	0	63	63
n04507155_5.JPEG	0	0	63	63
n04507155_318.JPEG	0	0	63	16
n04507155_411.JPEG	34	9	63	53
n04507155_125.JPEG	0	0	63	63
n04507155_236.JPEG	3	0	63	63
n04507155_300.JPEG	23	9	61	37
n04507155_279.JPEG	1	24	31	51
n04507155_415.JPEG	7	0	59	53
n04507155_243.JPEG	3	0	63	63
n04507155_371.JPEG	0	3	63	63
n04507155_30.JPEG	0	0	63	63
n04507155_148.JPEG	14	27	63	63
n04507155_34.JPEG	1	0	63	40
n04507155_21.JPEG	9	7	58	45
n04507155_25.JPEG	3	0	63	56
n04507155_427.JPEG	3	0	39	18
n04507155_213.JPEG	0	2	31	52
n04507155_45.JPEG	5	0	63	63
n04507155_170.JPEG	26	23	35	26
n04507155_11.JPEG	11	0	57	27
n04507155_225.JPEG	20	26	42	35
n04507155_391.JPEG	6	12	40	31
n04507155_452.JPEG	27	6	46	22
n04507155_19.JPEG	0	7	29	31
n04507155_3.JPEG	16	0	41	23
n04507155_299.JPEG	7	5	58	57
n04507155_57.JPEG	7	0	60	52
n04507155_270.JPEG	0	8	63	63
n04507155_31.JPEG	0	1	38	63
n04507155_264.JPEG	0	0	63	63
n04507155_472.JPEG	1	1	48	40
n04507155_214.JPEG	52	0	62	0
n04507155_359.JPEG	17	25	42	51
n04507155_340.JPEG	27	11	51	20
n04507155_104.JPEG	11	34	18	42
n04507155_159.JPEG	26	4	50	28
n04507155_489.JPEG	0	7	63	58
n04507155_366.JPEG	22	6	63	41
n04507155_337.JPEG	23	44	63	63
n04507155_372.JPEG	0	0	63	63
n04507155_143.JPEG	27	10	60	33
n04507155_349.JPEG	39	0	61	63
n04507155_229.JPEG	7	25	22	29
n04507155_287.JPEG	13	0	48	17
n04507155_426.JPEG	26	35	34	59
n04507155_251.JPEG	0	9	63	62
n04507155_266.JPEG	51	40	63	55
n04507155_355.JPEG	1	0	63	25
n04507155_184.JPEG	34	0	60	59
n04507155_35.JPEG	4	1	63	61
n04507155_74.JPEG	4	14	53	43
n04507155_97.JPEG	27	8	53	27
n04507155_407.JPEG	23	49	32	58
n04507155_223.JPEG	0	1	63	63
n04507155_365.JPEG	4	5	61	60
n04507155_256.JPEG	0	1	63	63
n04507155_358.JPEG	0	8	63	57
n04507155_82.JPEG	14	0	56	35
n04507155_485.JPEG	0	8	0	28
n04507155_432.JPEG	5	0	63	23
n04507155_315.JPEG	9	2	54	63
n04507155_309.JPEG	50	4	63	20
n04507155_41.JPEG	1	15	59	57
n04507155_70.JPEG	22	3	63	59
n04507155_154.JPEG	16	7	31	22
n04507155_220.JPEG	8	2	62	59
n04507155_468.JPEG	9	0	54	19
n04507155_330.JPEG	0	11	34	26
n04507155_248.JPEG	0	1	63	63
n04507155_341.JPEG	0	0	63	42
n04507155_418.JPEG	10	0	49	26
n04507155_179.JPEG	12	16	59	42
n04507155_294.JPEG	0	0	63	59
n04507155_469.JPEG	0	5	63	46
n04507155_319.JPEG	8	35	56	63
n04507155_174.JPEG	32	37	56	62
n04507155_90.JPEG	0	9	47	62
n04507155_4.JPEG	10	7	37	18
n04507155_255.JPEG	2	17	28	39
n04507155_478.JPEG	0	0	63	62
n04507155_265.JPEG	40	36	43	63
n04507155_100.JPEG	20	10	52	29
n04507155_232.JPEG	18	0	44	6
n04507155_18.JPEG	10	1	63	63
n04507155_200.JPEG	6	3	63	49
n04507155_98.JPEG	1	0	63	63
n04507155_197.JPEG	2	10	48	56
n04507155_317.JPEG	4	0	53	0
n04507155_49.JPEG	15	30	54	55
n04507155_114.JPEG	50	40	63	61
n04507155_2.JPEG	0	20	63	63
n04507155_400.JPEG	0	9	27	24
n04507155_295.JPEG	5	17	59	40
n04507155_165.JPEG	8	6	34	28
n04507155_44.JPEG	40	3	63	30
n04507155_480.JPEG	5	4	63	49
n04507155_224.JPEG	16	3	36	25
n04507155_451.JPEG	9	1	63	63
n04507155_249.JPEG	22	13	38	32
n04507155_284.JPEG	49	22	60	32
n04507155_293.JPEG	0	21	39	63
n04507155_43.JPEG	0	4	63	63
n04507155_448.JPEG	3	20	42	59
n04507155_338.JPEG	14	4	49	30
n04507155_351.JPEG	0	2	54	63
n04507155_201.JPEG	0	0	63	63
n04507155_160.JPEG	38	19	49	30
n04507155_328.JPEG	35	35	49	43
n04507155_188.JPEG	38	23	56	37
n04507155_108.JPEG	0	0	62	46
n04507155_403.JPEG	9	12	44	41
n04507155_447.JPEG	12	2	47	19
n04507155_498.JPEG	1	0	63	57
n04507155_484.JPEG	0	1	43	54
n04507155_94.JPEG	0	0	63	46
n04507155_398.JPEG	0	7	63	48
n04507155_66.JPEG	29	9	56	63
n04507155_237.JPEG	23	4	36	52
n04507155_27.JPEG	14	22	48	39
n04507155_42.JPEG	1	0	62	48
n04507155_121.JPEG	25	25	42	40
n04507155_20.JPEG	17	44	26	50
n04507155_377.JPEG	0	0	63	63
n04507155_166.JPEG	0	1	63	59
n04507155_396.JPEG	0	1	63	55
n04507155_119.JPEG	0	0	63	63
n04507155_402.JPEG	0	1	63	63
n04507155_177.JPEG	16	30	28	41
n04507155_95.JPEG	0	1	63	63
n04507155_212.JPEG	50	46	57	51
n04507155_245.JPEG	3	0	63	63
n04507155_481.JPEG	5	7	59	60
n04507155_16.JPEG	16	6	31	63
n04507155_465.JPEG	0	0	63	63
n04507155_262.JPEG	0	2	45	34
n04507155_84.JPEG	3	0	61	63
n04507155_455.JPEG	5	0	54	15
n04507155_277.JPEG	0	6	38	49
n04507155_211.JPEG	15	6	61	39
n04507155_124.JPEG	51	22	63	46
n04507155_120.JPEG	0	21	24	52
n04507155_72.JPEG	1	0	63	63
n04507155_257.JPEG	15	0	61	21
n04507155_101.JPEG	10	4	51	40
n04507155_85.JPEG	0	14	10	63
n04507155_437.JPEG	4	22	31	44
n04507155_476.JPEG	5	0	45	8
n04507155_83.JPEG	52	17	62	23
n04507155_329.JPEG	0	26	63	63
n04507155_51.JPEG	28	20	34	62
n04507155_24.JPEG	0	10	63	63
n04507155_474.JPEG	0	0	63	63
n04507155_339.JPEG	0	0	63	63
n04507155_226.JPEG	3	2	43	29
n04507155_379.JPEG	31	24	63	41
n04507155_204.JPEG	3	7	52	55
n04507155_52.JPEG	0	25	37	63
n04507155_311.JPEG	0	2	38	28
n04507155_368.JPEG	9	22	20	31
n04507155_88.JPEG	26	0	56	15
n04507155_473.JPEG	0	1	63	63
n04507155_199.JPEG	0	1	48	56
n04507155_238.JPEG	24	0	60	42
n04507155_216.JPEG	0	29	63	63
n04507155_306.JPEG	8	13	44	39
n04507155_113.JPEG	0	12	63	59
n04507155_272.JPEG	38	11	63	38
n04507155_321.JPEG	0	0	63	63
n04507155_228.JPEG	0	1	63	58
n04507155_208.JPEG	16	28	40	44
n04507155_378.JPEG	17	0	63	43
n04507155_268.JPEG	31	18	54	39
n04507155_389.JPEG	0	0	63	41
n04507155_278.JPEG	47	40	63	62
n04507155_376.JPEG	15	25	20	63
n04507155_276.JPEG	18	28	46	56
n04507155_388.JPEG	1	0	63	63
n04507155_110.JPEG	0	0	63	63
n04507155_303.JPEG	15	7	38	27
n04507155_246.JPEG	0	0	42	47
n04507155_33.JPEG	11	6	50	38
n04507155_324.JPEG	26	13	59	59
n04507155_221.JPEG	11	20	28	33
n04507155_60.JPEG	10	4	63	63
n04507155_466.JPEG	0	1	63	63
n04507155_99.JPEG	0	2	63	63
n04507155_456.JPEG	0	4	50	53
n04507155_149.JPEG	0	4	63	47
n04507155_14.JPEG	37	0	63	10
n04507155_135.JPEG	14	17	36	25
n04507155_36.JPEG	20	18	39	63
n04507155_298.JPEG	0	4	0	7
n04507155_131.JPEG	12	7	63	63
n04507155_105.JPEG	1	0	63	42
n04507155_187.JPEG	29	5	63	47
n04507155_373.JPEG	13	18	63	63
n04507155_385.JPEG	4	0	60	43
n04507155_205.JPEG	5	7	60	57
n04507155_134.JPEG	1	11	41	50
n04507155_48.JPEG	20	6	44	28
n04507155_327.JPEG	0	9	58	29
n04507155_382.JPEG	0	0	63	63
n04507155_259.JPEG	1	0	63	54
n04507155_393.JPEG	0	0	63	63
n04507155_269.JPEG	1	1	63	63
n04507155_176.JPEG	0	0	63	63
n04507155_314.JPEG	0	0	51	49
n04507155_202.JPEG	0	12	62	57
n04507155_129.JPEG	0	20	49	63
n04507155_386.JPEG	0	0	49	60
n04507155_58.JPEG	34	26	48	63
n04507155_323.JPEG	21	13	63	63
n04507155_312.JPEG	16	17	51	46
n04507155_12.JPEG	32	5	57	24
n04507155_442.JPEG	0	0	63	37
n04507155_206.JPEG	0	0	61	63
n04507155_320.JPEG	15	0	63	55
n04507155_361.JPEG	0	0	63	63
n04507155_301.JPEG	0	0	63	63
n04507155_116.JPEG	0	0	63	63
n04507155_195.JPEG	7	0	48	31
n04507155_181.JPEG	0	1	63	63
n04507155_79.JPEG	11	32	63	63
n04507155_38.JPEG	3	2	62	62
n04507155_171.JPEG	18	3	63	36
n04507155_161.JPEG	0	5	63	59
n04507155_219.JPEG	25	16	63	63
n04507155_273.JPEG	0	0	55	35
n04507155_141.JPEG	37	26	63	63
n04507155_367.JPEG	14	8	41	21
n04507155_384.JPEG	2	8	47	43
n04507155_15.JPEG	17	0	36	10
n04507155_347.JPEG	3	0	63	48
n04507155_234.JPEG	27	10	45	35
n04507155_164.JPEG	0	10	46	54
n04507155_7.JPEG	0	1	45	46
n04507155_310.JPEG	0	0	63	63
n04507155_89.JPEG	7	6	56	61
n04507155_115.JPEG	0	3	16	54
n04507155_253.JPEG	0	1	55	41
n04507155_438.JPEG	20	0	61	32
n04507155_493.JPEG	0	0	63	63
n04507155_308.JPEG	15	38	49	63
n04507155_297.JPEG	20	15	25	25
n04507155_275.JPEG	49	36	60	52
n04507155_434.JPEG	43	21	62	37
n04507155_292.JPEG	0	5	63	63
n04507155_155.JPEG	0	0	63	63
n04507155_194.JPEG	17	1	63	44
n04507155_375.JPEG	32	11	56	22
n04507155_28.JPEG	4	1	52	35
n04507155_258.JPEG	12	6	49	57
n04507155_152.JPEG	10	9	25	63
n04507155_419.JPEG	1	12	46	63
n04507155_401.JPEG	10	23	28	38
n04507155_162.JPEG	0	5	52	63
n04507155_156.JPEG	0	0	63	63
n04507155_93.JPEG	0	8	34	34
val_1654.JPEG	0	1	63	63
val_9911.JPEG	22	56	48	63
val_6404.JPEG	30	3	63	63
val_3761.JPEG	0	29	61	49
val_4747.JPEG	19	20	38	28
val_9659.JPEG	0	21	63	63
val_1555.JPEG	12	12	32	34
val_1636.JPEG	6	14	39	27
val_5130.JPEG	9	7	58	62
val_5907.JPEG	24	16	62	50
val_4421.JPEG	1	0	63	63
val_5259.JPEG	41	0	62	9
val_9028.JPEG	1	0	54	46
val_1225.JPEG	0	0	63	54
val_7048.JPEG	0	0	41	63
val_1934.JPEG	8	0	62	36
val_8050.JPEG	0	2	63	39
val_2454.JPEG	17	11	41	32
val_4486.JPEG	11	0	63	60
val_4846.JPEG	14	20	38	43
val_1270.JPEG	0	4	63	63
val_409.JPEG	15	0	55	35
val_3252.JPEG	0	1	63	63
val_3149.JPEG	43	20	63	38
val_4843.JPEG	0	0	63	41
val_8106.JPEG	4	4	63	57
val_3360.JPEG	0	12	42	56
val_6272.JPEG	3	4	63	41
val_4074.JPEG	0	15	36	47
val_3669.JPEG	0	4	63	63
val_4368.JPEG	0	0	63	63
val_5809.JPEG	0	0	63	63
val_9187.JPEG	0	0	58	37
val_4002.JPEG	6	22	46	45
val_3004.JPEG	6	0	57	43
