n02113799_12.JPEG	11	2	63	63
n02113799_99.JPEG	15	2	54	63
n02113799_44.JPEG	9	2	46	59
n02113799_431.JPEG	0	4	63	61
n02113799_384.JPEG	16	0	54	57
n02113799_457.JPEG	2	9	39	63
n02113799_83.JPEG	2	2	57	63
n02113799_450.JPEG	2	1	46	63
n02113799_128.JPEG	0	2	58	63
n02113799_40.JPEG	6	7	63	63
n02113799_271.JPEG	8	1	63	63
n02113799_215.JPEG	12	23	40	60
n02113799_405.JPEG	0	24	32	48
n02113799_119.JPEG	5	0	60	63
n02113799_420.JPEG	5	3	60	62
n02113799_251.JPEG	33	15	47	30
n02113799_151.JPEG	0	7	60	60
n02113799_174.JPEG	0	0	63	63
n02113799_360.JPEG	4	1	63	63
n02113799_106.JPEG	3	4	63	63
n02113799_124.JPEG	9	11	63	63
n02113799_30.JPEG	0	0	63	61
n02113799_184.JPEG	7	11	63	56
n02113799_214.JPEG	22	5	47	45
n02113799_387.JPEG	0	2	63	63
n02113799_469.JPEG	0	1	38	58
n02113799_103.JPEG	7	11	57	60
n02113799_58.JPEG	1	7	45	63
n02113799_63.JPEG	13	8	44	58
n02113799_472.JPEG	0	11	37	63
n02113799_154.JPEG	1	0	63	56
n02113799_158.JPEG	2	3	63	56
n02113799_110.JPEG	0	0	61	63
n02113799_210.JPEG	19	7	47	63
n02113799_237.JPEG	0	0	63	63
n02113799_331.JPEG	10	0	63	63
n02113799_4.JPEG	0	28	19	63
n02113799_273.JPEG	0	0	63	63
n02113799_19.JPEG	7	0	52	63
n02113799_23.JPEG	10	38	28	60
n02113799_206.JPEG	5	24	44	59
n02113799_483.JPEG	1	0	63	63
n02113799_280.JPEG	5	0	63	63
n02113799_88.JPEG	3	6	51	63
n02113799_374.JPEG	14	6	63	54
n02113799_499.JPEG	10	0	48	63
n02113799_299.JPEG	0	0	55	63
n02113799_134.JPEG	0	1	53	63
n02113799_148.JPEG	16	29	57	63
n02113799_118.JPEG	0	0	63	63
n02113799_197.JPEG	0	6	48	63
n02113799_16.JPEG	25	30	63	63
n02113799_324.JPEG	6	20	53	54
n02113799_41.JPEG	0	7	51	63
n02113799_261.JPEG	31	7	63	47
n02113799_486.JPEG	0	3	57	54
n02113799_441.JPEG	3	5	47	63
n02113799_161.JPEG	6	0	63	63
n02113799_152.JPEG	7	0	51	63
n02113799_270.JPEG	0	4	63	63
n02113799_497.JPEG	20	10	48	63
n02113799_298.JPEG	8	4	63	59
n02113799_375.JPEG	3	0	60	63
n02113799_2.JPEG	40	11	57	39
n02113799_227.JPEG	1	4	62	63
n02113799_474.JPEG	10	5	63	61
n02113799_288.JPEG	5	2	63	63
n02113799_105.JPEG	22	7	43	62
n02113799_79.JPEG	12	13	63	63
n02113799_445.JPEG	0	12	54	60
n02113799_130.JPEG	0	0	63	63
n02113799_74.JPEG	0	5	61	62
n02113799_213.JPEG	0	1	63	63
n02113799_348.JPEG	0	8	57	47
n02113799_139.JPEG	3	0	63	63
n02113799_36.JPEG	7	9	63	60
n02113799_395.JPEG	0	1	63	63
n02113799_11.JPEG	37	14	58	51
n02113799_178.JPEG	0	25	23	41
n02113799_125.JPEG	33	25	63	63
n02113799_364.JPEG	1	12	45	63
n02113799_489.JPEG	1	0	63	63
n02113799_480.JPEG	0	5	63	63
n02113799_394.JPEG	0	1	63	63
n02113799_21.JPEG	11	8	44	63
n02113799_121.JPEG	0	1	51	49
n02113799_196.JPEG	15	14	63	61
n02113799_200.JPEG	0	3	57	63
n02113799_490.JPEG	15	31	32	55
n02113799_362.JPEG	0	27	58	61
n02113799_71.JPEG	6	1	55	63
n02113799_38.JPEG	12	18	63	63
n02113799_220.JPEG	28	32	52	63
n02113799_177.JPEG	4	10	63	63
n02113799_436.JPEG	23	31	53	53
n02113799_363.JPEG	31	0	63	63
n02113799_453.JPEG	7	7	60	63
n02113799_186.JPEG	13	0	47	63
n02113799_60.JPEG	0	2	63	63
n02113799_102.JPEG	0	0	59	63
n02113799_193.JPEG	22	25	37	47
n02113799_230.JPEG	8	3	53	60
n02113799_378.JPEG	34	19	60	63
n02113799_464.JPEG	0	23	56	63
n02113799_371.JPEG	0	1	63	62
n02113799_126.JPEG	13	13	34	33
n02113799_287.JPEG	30	0	50	44
n02113799_240.JPEG	0	3	63	63
n02113799_285.JPEG	17	15	63	63
n02113799_380.JPEG	0	7	63	55
n02113799_10.JPEG	0	0	63	63
n02113799_456.JPEG	13	3	54	58
n02113799_73.JPEG	0	4	63	61
n02113799_442.JPEG	25	19	63	63
n02113799_328.JPEG	0	20	24	50
n02113799_407.JPEG	21	9	50	61
n02113799_181.JPEG	0	2	63	62
n02113799_301.JPEG	0	1	63	47
n02113799_98.JPEG	57	32	63	48
n02113799_345.JPEG	0	0	63	63
n02113799_201.JPEG	0	9	58	57
n02113799_308.JPEG	0	5	34	60
n02113799_228.JPEG	0	5	63	62
n02113799_465.JPEG	0	7	63	63
n02113799_367.JPEG	0	6	49	49
n02113799_496.JPEG	12	0	54	63
n02113799_191.JPEG	16	22	29	61
n02113799_140.JPEG	13	3	46	62
n02113799_335.JPEG	7	0	63	63
n02113799_265.JPEG	0	0	57	63
n02113799_263.JPEG	1	2	63	63
n02113799_43.JPEG	0	11	60	57
n02113799_7.JPEG	15	0	63	63
n02113799_84.JPEG	18	1	63	53
n02113799_32.JPEG	27	2	63	63
n02113799_203.JPEG	0	1	63	63
n02113799_169.JPEG	10	4	63	63
n02113799_18.JPEG	26	15	63	47
n02113799_410.JPEG	0	2	42	53
n02113799_276.JPEG	14	0	50	62
n02113799_217.JPEG	0	9	63	48
n02113799_57.JPEG	18	0	47	63
n02113799_3.JPEG	11	4	56	63
n02113799_202.JPEG	11	11	47	63
n02113799_241.JPEG	16	30	30	55
n02113799_46.JPEG	16	13	63	63
n02113799_414.JPEG	29	15	63	60
n02113799_238.JPEG	12	2	54	63
n02113799_222.JPEG	13	0	47	63
n02113799_120.JPEG	0	1	63	63
n02113799_90.JPEG	3	1	49	63
n02113799_366.JPEG	0	1	53	63
n02113799_55.JPEG	6	5	63	63
n02113799_471.JPEG	0	6	63	63
n02113799_477.JPEG	7	1	63	63
n02113799_93.JPEG	19	0	47	61
n02113799_205.JPEG	0	2	63	63
n02113799_356.JPEG	0	9	46	63
n02113799_417.JPEG	3	4	63	59
n02113799_252.JPEG	16	6	54	63
n02113799_473.JPEG	12	4	45	53
n02113799_260.JPEG	23	25	51	63
n02113799_156.JPEG	42	10	63	61
n02113799_190.JPEG	22	16	43	48
n02113799_300.JPEG	14	16	33	49
n02113799_479.JPEG	0	5	63	57
n02113799_396.JPEG	12	18	63	62
n02113799_65.JPEG	0	15	63	62
n02113799_116.JPEG	0	25	63	41
n02113799_108.JPEG	0	2	63	62
n02113799_39.JPEG	23	13	43	57
n02113799_402.JPEG	0	3	63	59
n02113799_451.JPEG	2	1	55	52
n02113799_398.JPEG	1	1	63	63
n02113799_194.JPEG	11	31	41	60
n02113799_145.JPEG	0	9	63	55
n02113799_171.JPEG	0	1	30	49
n02113799_305.JPEG	0	5	63	53
n02113799_133.JPEG	0	17	63	48
n02113799_142.JPEG	1	0	63	63
n02113799_438.JPEG	0	1	54	57
n02113799_5.JPEG	0	14	57	57
n02113799_170.JPEG	12	21	33	58
n02113799_150.JPEG	10	0	40	36
n02113799_208.JPEG	5	0	57	63
n02113799_291.JPEG	0	0	54	60
n02113799_462.JPEG	22	26	41	41
n02113799_180.JPEG	5	0	63	63
n02113799_340.JPEG	10	30	62	63
n02113799_428.JPEG	0	1	33	63
n02113799_381.JPEG	15	1	62	30
n02113799_403.JPEG	15	45	29	56
n02113799_100.JPEG	5	2	58	60
n02113799_355.JPEG	28	0	63	63
n02113799_235.JPEG	0	19	26	62
n02113799_435.JPEG	1	0	63	63
n02113799_493.JPEG	7	20	49	45
n02113799_484.JPEG	12	3	51	56
n02113799_86.JPEG	0	24	20	55
n02113799_115.JPEG	1	31	41	63
n02113799_175.JPEG	1	1	63	63
n02113799_112.JPEG	0	0	57	63
n02113799_168.JPEG	7	1	63	63
n02113799_307.JPEG	54	30	63	54
n02113799_250.JPEG	5	3	54	63
n02113799_422.JPEG	19	9	52	57
n02113799_418.JPEG	0	4	20	50
n02113799_406.JPEG	6	0	63	63
n02113799_149.JPEG	0	11	53	63
n02113799_1.JPEG	0	15	63	63
n02113799_325.JPEG	0	8	32	63
n02113799_165.JPEG	0	3	63	62
n02113799_320.JPEG	8	1	63	52
n02113799_62.JPEG	9	1	63	63
n02113799_498.JPEG	19	17	60	55
n02113799_267.JPEG	19	4	57	47
n02113799_164.JPEG	3	0	63	63
n02113799_173.JPEG	0	2	36	63
n02113799_447.JPEG	10	20	63	63
n02113799_219.JPEG	0	2	63	63
n02113799_492.JPEG	12	0	30	39
n02113799_292.JPEG	0	6	61	63
n02113799_333.JPEG	1	5	52	63
n02113799_27.JPEG	0	6	63	62
n02113799_466.JPEG	19	23	46	63
n02113799_332.JPEG	13	0	63	63
n02113799_223.JPEG	17	0	54	63
n02113799_383.JPEG	27	28	63	63
n02113799_408.JPEG	4	1	62	63
n02113799_443.JPEG	9	5	36	58
n02113799_185.JPEG	25	15	42	61
n02113799_478.JPEG	14	0	45	63
n02113799_76.JPEG	0	4	63	63
n02113799_313.JPEG	20	21	41	53
n02113799_136.JPEG	7	25	43	55
n02113799_286.JPEG	0	0	63	63
n02113799_359.JPEG	27	24	62	63
n02113799_382.JPEG	0	14	12	57
n02113799_310.JPEG	0	14	29	55
n02113799_386.JPEG	9	15	59	57
n02113799_92.JPEG	10	12	47	42
n02113799_434.JPEG	13	12	63	63
n02113799_268.JPEG	10	45	41	63
n02113799_48.JPEG	10	3	41	63
n02113799_160.JPEG	0	8	58	63
n02113799_430.JPEG	0	11	47	63
n02113799_42.JPEG	3	0	63	63
n02113799_319.JPEG	7	0	40	63
n02113799_448.JPEG	1	7	14	20
n02113799_427.JPEG	0	1	63	63
n02113799_22.JPEG	13	0	43	63
n02113799_295.JPEG	3	8	45	63
n02113799_361.JPEG	21	21	55	58
n02113799_35.JPEG	6	1	62	62
n02113799_64.JPEG	0	26	17	44
n02113799_476.JPEG	22	2	53	63
n02113799_26.JPEG	7	1	63	63
n02113799_351.JPEG	1	0	61	63
n02113799_232.JPEG	5	8	49	59
n02113799_419.JPEG	5	8	61	62
n02113799_224.JPEG	23	0	63	63
n02113799_323.JPEG	10	3	63	63
n02113799_316.JPEG	0	2	63	63
n02113799_15.JPEG	9	0	63	55
n02113799_346.JPEG	0	4	21	63
n02113799_56.JPEG	25	30	63	63
n02113799_166.JPEG	9	4	51	43
n02113799_467.JPEG	1	0	63	63
n02113799_239.JPEG	1	0	63	63
n02113799_157.JPEG	9	6	60	63
n02113799_311.JPEG	0	3	63	63
n02113799_114.JPEG	30	18	63	63
n02113799_385.JPEG	0	0	63	63
n02113799_14.JPEG	14	18	27	46
n02113799_67.JPEG	18	31	63	63
n02113799_470.JPEG	13	3	52	57
n02113799_281.JPEG	16	30	30	61
n02113799_404.JPEG	0	0	63	54
n02113799_52.JPEG	0	6	63	60
n02113799_393.JPEG	3	27	26	61
n02113799_274.JPEG	14	12	55	58
n02113799_401.JPEG	7	0	57	63
n02113799_51.JPEG	10	11	54	39
n02113799_390.JPEG	0	10	63	61
n02113799_339.JPEG	0	4	49	53
n02113799_415.JPEG	0	11	54	63
n02113799_138.JPEG	8	9	63	63
n02113799_54.JPEG	5	12	63	63
n02113799_216.JPEG	0	17	63	63
n02113799_354.JPEG	0	3	38	63
n02113799_113.JPEG	0	1	63	63
n02113799_296.JPEG	0	5	57	63
n02113799_259.JPEG	12	1	63	63
n02113799_8.JPEG	0	6	29	63
n02113799_468.JPEG	13	0	63	63
n02113799_20.JPEG	0	0	42	63
n02113799_439.JPEG	1	18	63	63
n02113799_304.JPEG	0	6	31	55
n02113799_195.JPEG	15	5	58	57
n02113799_179.JPEG	4	26	34	46
n02113799_409.JPEG	13	0	63	63
n02113799_254.JPEG	9	0	59	63
n02113799_172.JPEG	0	8	63	62
n02113799_455.JPEG	12	4	63	63
n02113799_50.JPEG	11	0	60	63
n02113799_192.JPEG	0	9	59	56
n02113799_344.JPEG	0	0	63	63
n02113799_211.JPEG	0	27	22	59
n02113799_377.JPEG	7	3	49	62
n02113799_68.JPEG	0	5	47	57
n02113799_226.JPEG	0	18	45	62
n02113799_80.JPEG	0	5	59	63
n02113799_338.JPEG	2	0	55	63
n02113799_207.JPEG	0	3	25	59
n02113799_463.JPEG	0	0	59	63
n02113799_146.JPEG	0	7	60	60
n02113799_284.JPEG	1	0	56	63
n02113799_322.JPEG	0	6	35	55
n02113799_242.JPEG	7	0	63	63
n02113799_107.JPEG	23	30	60	63
n02113799_444.JPEG	0	1	63	63
n02113799_481.JPEG	7	0	58	63
n02113799_89.JPEG	10	10	54	63
n02113799_433.JPEG	0	6	57	63
n02113799_253.JPEG	3	0	36	55
n02113799_329.JPEG	0	13	63	54
n02113799_421.JPEG	0	0	63	63
n02113799_135.JPEG	0	6	47	63
n02113799_244.JPEG	21	7	47	62
n02113799_53.JPEG	3	18	41	63
n02113799_155.JPEG	0	0	63	63
n02113799_212.JPEG	15	0	63	62
n02113799_97.JPEG	17	7	40	63
n02113799_85.JPEG	32	21	63	60
n02113799_104.JPEG	50	36	63	59
n02113799_37.JPEG	0	0	26	40
n02113799_424.JPEG	9	10	53	63
n02113799_293.JPEG	3	3	63	57
n02113799_397.JPEG	0	9	63	62
n02113799_494.JPEG	30	26	45	62
n02113799_236.JPEG	0	0	39	63
n02113799_370.JPEG	26	22	47	46
n02113799_243.JPEG	1	0	63	63
n02113799_122.JPEG	3	0	50	63
n02113799_82.JPEG	10	5	45	63
n02113799_70.JPEG	42	31	63	59
n02113799_33.JPEG	0	5	63	61
n02113799_75.JPEG	20	20	33	36
n02113799_416.JPEG	1	2	61	61
n02113799_159.JPEG	0	2	63	63
val_241.JPEG	13	40	33	53
val_8611.JPEG	17	12	53	58
val_1828.JPEG	26	1	63	63
val_2340.JPEG	22	16	52	51
val_863.JPEG	0	15	63	63
val_7277.JPEG	5	1	63	63
val_5045.JPEG	0	0	61	63
val_2654.JPEG	13	18	47	38
val_4746.JPEG	13	19	52	54
val_1485.JPEG	14	2	50	63
val_7083.JPEG	7	4	62	62
val_9007.JPEG	27	25	49	63
val_998.JPEG	0	26	20	60
val_2780.JPEG	0	23	44	60
val_7510.JPEG	0	5	43	61
val_1826.JPEG	3	8	25	47
val_9844.JPEG	0	13	33	34
val_3582.JPEG	1	1	63	63
val_259.JPEG	36	12	63	63
val_9720.JPEG	0	0	60	63
val_152.JPEG	19	35	35	63
val_4587.JPEG	8	4	61	59
val_8736.JPEG	0	10	63	60
val_3922.JPEG	4	9	56	40
val_5356.JPEG	23	25	49	62
val_3962.JPEG	1	0	63	63
val_3059.JPEG	20	5	48	63
val_3308.JPEG	42	27	63	58
val_5991.JPEG	0	10	57	45
val_8633.JPEG	0	0	54	63
val_7882.JPEG	5	22	54	63
val_8640.JPEG	0	1	63	63
val_3836.JPEG	0	28	60	59
val_3597.JPEG	4	11	50	63
val_9392.JPEG	12	5	59	63
