n02279972_267.JPEG	26	18	52	53
n02279972_367.JPEG	19	10	61	49
n02279972_102.JPEG	7	12	50	63
n02279972_355.JPEG	6	0	63	57
n02279972_368.JPEG	19	23	51	42
n02279972_175.JPEG	17	2	46	38
n02279972_285.JPEG	15	1	55	59
n02279972_466.JPEG	0	8	46	63
n02279972_55.JPEG	0	6	63	59
n02279972_336.JPEG	24	22	37	36
n02279972_232.JPEG	17	15	63	43
n02279972_461.JPEG	10	10	44	56
n02279972_280.JPEG	6	0	63	54
n02279972_41.JPEG	14	4	35	30
n02279972_266.JPEG	0	1	63	46
n02279972_389.JPEG	12	8	61	63
n02279972_38.JPEG	23	5	54	33
n02279972_346.JPEG	19	17	63	55
n02279972_250.JPEG	0	4	63	55
n02279972_228.JPEG	11	20	42	41
n02279972_171.JPEG	25	14	45	55
n02279972_350.JPEG	20	18	47	38
n02279972_307.JPEG	0	14	48	48
n02279972_184.JPEG	19	14	54	42
n02279972_200.JPEG	12	18	49	54
n02279972_92.JPEG	7	11	36	51
n02279972_48.JPEG	3	17	63	51
n02279972_362.JPEG	0	9	63	47
n02279972_418.JPEG	8	10	45	40
n02279972_223.JPEG	28	23	62	47
n02279972_177.JPEG	5	18	47	53
n02279972_32.JPEG	12	21	57	47
n02279972_98.JPEG	0	14	33	53
n02279972_196.JPEG	37	23	63	53
n02279972_261.JPEG	5	5	61	61
n02279972_482.JPEG	7	5	38	25
n02279972_90.JPEG	19	10	39	37
n02279972_286.JPEG	4	13	63	53
n02279972_45.JPEG	18	15	44	54
n02279972_239.JPEG	18	27	44	46
n02279972_439.JPEG	7	3	63	62
n02279972_407.JPEG	27	23	40	37
n02279972_161.JPEG	16	5	63	54
n02279972_26.JPEG	35	26	63	63
n02279972_306.JPEG	3	5	43	38
n02279972_205.JPEG	25	8	63	63
n02279972_143.JPEG	32	11	58	54
n02279972_302.JPEG	0	22	30	63
n02279972_376.JPEG	6	0	63	56
n02279972_448.JPEG	15	11	47	46
n02279972_429.JPEG	12	1	63	62
n02279972_409.JPEG	23	5	58	42
n02279972_40.JPEG	0	4	63	48
n02279972_47.JPEG	0	4	63	59
n02279972_325.JPEG	17	20	34	49
n02279972_120.JPEG	19	7	57	58
n02279972_317.JPEG	26	20	41	60
n02279972_61.JPEG	2	4	63	59
n02279972_453.JPEG	18	16	60	51
n02279972_348.JPEG	27	5	61	63
n02279972_378.JPEG	18	13	57	56
n02279972_452.JPEG	14	14	47	59
n02279972_114.JPEG	13	36	28	59
n02279972_165.JPEG	8	31	36	59
n02279972_497.JPEG	1	0	52	44
n02279972_106.JPEG	0	10	59	50
n02279972_316.JPEG	17	4	49	40
n02279972_238.JPEG	22	20	50	32
n02279972_117.JPEG	6	0	57	26
n02279972_7.JPEG	4	17	35	45
n02279972_13.JPEG	6	5	49	46
n02279972_446.JPEG	15	20	62	61
n02279972_358.JPEG	4	1	63	63
n02279972_436.JPEG	18	9	63	37
n02279972_320.JPEG	13	4	63	63
n02279972_224.JPEG	0	6	39	40
n02279972_74.JPEG	16	8	63	59
n02279972_329.JPEG	0	7	63	57
n02279972_276.JPEG	8	0	58	45
n02279972_259.JPEG	9	5	60	35
n02279972_158.JPEG	15	9	58	41
n02279972_139.JPEG	28	17	46	45
n02279972_297.JPEG	22	5	54	63
n02279972_496.JPEG	7	4	62	63
n02279972_152.JPEG	9	18	61	51
n02279972_292.JPEG	9	16	43	59
n02279972_364.JPEG	7	13	42	39
n02279972_188.JPEG	17	15	61	61
n02279972_251.JPEG	0	1	54	55
n02279972_417.JPEG	0	13	63	52
n02279972_209.JPEG	7	19	63	57
n02279972_100.JPEG	18	18	59	51
n02279972_1.JPEG	8	0	55	49
n02279972_181.JPEG	4	8	60	46
n02279972_399.JPEG	30	16	63	45
n02279972_130.JPEG	22	8	58	41
n02279972_337.JPEG	17	13	58	63
n02279972_42.JPEG	27	24	60	56
n02279972_111.JPEG	0	1	63	63
n02279972_308.JPEG	11	7	50	57
n02279972_479.JPEG	23	5	63	61
n02279972_449.JPEG	26	19	62	50
n02279972_269.JPEG	38	12	61	46
n02279972_277.JPEG	33	8	59	33
n02279972_433.JPEG	1	17	38	44
n02279972_381.JPEG	23	19	44	42
n02279972_271.JPEG	7	2	42	31
n02279972_457.JPEG	10	0	52	63
n02279972_341.JPEG	2	3	63	63
n02279972_414.JPEG	6	3	54	39
n02279972_163.JPEG	15	16	62	63
n02279972_125.JPEG	6	1	51	63
n02279972_180.JPEG	0	3	63	49
n02279972_430.JPEG	20	20	37	42
n02279972_301.JPEG	12	2	56	63
n02279972_450.JPEG	0	0	48	58
n02279972_10.JPEG	4	4	56	63
n02279972_127.JPEG	33	26	45	37
n02279972_89.JPEG	6	10	53	36
n02279972_216.JPEG	21	13	63	54
n02279972_318.JPEG	0	5	63	56
n02279972_494.JPEG	7	16	56	34
n02279972_331.JPEG	23	20	36	44
n02279972_324.JPEG	0	11	21	51
n02279972_311.JPEG	0	15	53	45
n02279972_148.JPEG	6	22	34	40
n02279972_299.JPEG	24	19	48	54
n02279972_388.JPEG	17	15	63	51
n02279972_49.JPEG	0	13	63	56
n02279972_326.JPEG	9	31	55	52
n02279972_474.JPEG	0	0	63	63
n02279972_391.JPEG	0	7	63	61
n02279972_262.JPEG	7	12	63	55
n02279972_2.JPEG	2	11	47	50
n02279972_60.JPEG	11	14	63	53
n02279972_197.JPEG	10	10	63	57
n02279972_314.JPEG	7	18	62	53
n02279972_464.JPEG	13	11	43	51
n02279972_438.JPEG	0	5	62	46
n02279972_233.JPEG	27	22	58	50
n02279972_138.JPEG	7	11	42	40
n02279972_76.JPEG	2	11	54	57
n02279972_431.JPEG	0	13	46	53
n02279972_129.JPEG	6	23	45	53
n02279972_231.JPEG	27	3	49	30
n02279972_484.JPEG	37	11	63	38
n02279972_70.JPEG	20	20	57	41
n02279972_192.JPEG	10	36	52	63
n02279972_19.JPEG	0	4	63	57
n02279972_413.JPEG	21	14	63	42
n02279972_380.JPEG	17	2	47	38
n02279972_310.JPEG	27	6	63	34
n02279972_443.JPEG	19	10	47	47
n02279972_179.JPEG	7	14	40	60
n02279972_37.JPEG	14	9	44	43
n02279972_488.JPEG	4	5	63	49
n02279972_217.JPEG	8	12	58	41
n02279972_169.JPEG	10	7	54	61
n02279972_95.JPEG	6	14	37	38
n02279972_28.JPEG	0	4	63	62
n02279972_260.JPEG	21	14	51	42
n02279972_206.JPEG	0	23	40	63
n02279972_204.JPEG	9	17	42	58
n02279972_164.JPEG	0	3	63	52
n02279972_382.JPEG	13	19	40	52
n02279972_344.JPEG	15	23	45	41
n02279972_155.JPEG	10	0	62	51
n02279972_123.JPEG	0	12	63	59
n02279972_214.JPEG	0	0	63	63
n02279972_360.JPEG	0	6	44	50
n02279972_201.JPEG	10	14	40	62
n02279972_470.JPEG	27	7	63	47
n02279972_99.JPEG	11	0	49	35
n02279972_25.JPEG	0	9	63	53
n02279972_0.JPEG	20	4	58	63
n02279972_289.JPEG	19	13	47	56
n02279972_27.JPEG	12	0	63	63
n02279972_230.JPEG	0	3	63	61
n02279972_313.JPEG	0	0	63	62
n02279972_236.JPEG	0	19	63	55
n02279972_294.JPEG	40	11	63	42
n02279972_422.JPEG	0	16	63	54
n02279972_333.JPEG	29	22	63	50
n02279972_225.JPEG	19	13	47	54
n02279972_258.JPEG	0	28	62	58
n02279972_157.JPEG	44	20	63	42
n02279972_39.JPEG	0	0	42	51
n02279972_146.JPEG	19	5	36	13
n02279972_441.JPEG	10	0	50	50
n02279972_279.JPEG	15	15	57	43
n02279972_345.JPEG	13	14	47	63
n02279972_115.JPEG	18	5	51	28
n02279972_475.JPEG	4	0	51	48
n02279972_194.JPEG	0	13	63	53
n02279972_113.JPEG	11	2	63	40
n02279972_252.JPEG	0	0	47	50
n02279972_327.JPEG	20	15	41	45
n02279972_281.JPEG	0	16	63	53
n02279972_459.JPEG	3	22	42	57
n02279972_124.JPEG	12	9	60	53
n02279972_351.JPEG	1	6	53	57
n02279972_393.JPEG	0	11	63	44
n02279972_255.JPEG	0	13	63	56
n02279972_54.JPEG	21	4	63	63
n02279972_432.JPEG	19	14	63	48
n02279972_421.JPEG	21	13	49	38
n02279972_490.JPEG	14	2	50	56
n02279972_229.JPEG	20	22	42	41
n02279972_338.JPEG	9	4	57	63
n02279972_53.JPEG	16	13	34	43
n02279972_275.JPEG	28	26	56	53
n02279972_112.JPEG	8	6	63	50
n02279972_51.JPEG	6	21	43	62
n02279972_240.JPEG	25	14	63	57
n02279972_52.JPEG	23	11	63	55
n02279972_211.JPEG	2	7	59	56
n02279972_304.JPEG	16	1	57	54
n02279972_295.JPEG	4	5	53	60
n02279972_46.JPEG	23	11	62	52
n02279972_342.JPEG	0	11	43	42
n02279972_136.JPEG	31	32	59	55
n02279972_298.JPEG	24	8	49	45
n02279972_328.JPEG	0	12	57	58
n02279972_82.JPEG	0	3	63	56
n02279972_451.JPEG	19	45	43	63
n02279972_122.JPEG	0	8	41	51
n02279972_81.JPEG	14	8	56	63
n02279972_66.JPEG	5	22	61	44
n02279972_56.JPEG	0	27	63	62
n02279972_203.JPEG	6	16	41	51
n02279972_339.JPEG	8	23	45	50
n02279972_290.JPEG	24	20	41	50
n02279972_50.JPEG	16	19	46	62
n02279972_415.JPEG	27	28	52	45
n02279972_3.JPEG	3	9	45	52
n02279972_495.JPEG	6	12	63	48
n02279972_405.JPEG	0	11	61	63
n02279972_18.JPEG	18	5	63	45
n02279972_91.JPEG	0	21	63	62
n02279972_473.JPEG	5	13	44	58
n02279972_248.JPEG	18	11	40	50
n02279972_321.JPEG	22	23	63	57
n02279972_237.JPEG	33	18	56	57
n02279972_334.JPEG	17	24	63	50
n02279972_213.JPEG	25	3	63	36
n02279972_44.JPEG	20	10	44	52
n02279972_21.JPEG	25	15	48	46
n02279972_107.JPEG	8	7	52	47
n02279972_57.JPEG	5	16	63	49
n02279972_219.JPEG	31	11	53	51
n02279972_335.JPEG	5	6	57	63
n02279972_105.JPEG	12	0	63	63
n02279972_156.JPEG	24	26	45	57
n02279972_34.JPEG	0	27	63	60
n02279972_387.JPEG	9	1	63	47
n02279972_300.JPEG	24	5	57	44
n02279972_486.JPEG	1	14	57	58
n02279972_270.JPEG	13	7	60	40
n02279972_444.JPEG	19	29	41	55
n02279972_377.JPEG	3	0	63	48
n02279972_97.JPEG	51	2	58	9
n02279972_162.JPEG	11	10	61	48
n02279972_170.JPEG	13	8	63	48
n02279972_79.JPEG	30	17	41	34
n02279972_137.JPEG	10	10	50	45
n02279972_110.JPEG	17	7	53	45
n02279972_215.JPEG	7	3	39	54
n02279972_385.JPEG	0	5	60	53
n02279972_340.JPEG	0	5	49	43
n02279972_410.JPEG	5	9	36	46
n02279972_73.JPEG	15	15	46	61
n02279972_133.JPEG	0	3	63	39
n02279972_94.JPEG	4	0	55	56
n02279972_291.JPEG	10	12	49	41
n02279972_477.JPEG	3	0	63	63
n02279972_471.JPEG	5	0	57	45
n02279972_62.JPEG	26	7	63	41
n02279972_160.JPEG	6	9	52	53
n02279972_352.JPEG	16	7	50	53
n02279972_463.JPEG	0	21	60	63
n02279972_481.JPEG	13	6	63	53
n02279972_189.JPEG	3	15	32	57
n02279972_9.JPEG	31	43	37	49
n02279972_58.JPEG	0	3	63	62
n02279972_150.JPEG	0	7	63	57
n02279972_404.JPEG	5	0	63	63
n02279972_222.JPEG	26	14	56	45
n02279972_244.JPEG	5	14	63	57
n02279972_397.JPEG	1	0	59	63
n02279972_384.JPEG	7	13	59	60
n02279972_108.JPEG	0	3	63	63
n02279972_36.JPEG	10	1	54	62
n02279972_400.JPEG	12	10	53	59
n02279972_208.JPEG	0	0	63	63
n02279972_135.JPEG	7	20	44	63
n02279972_33.JPEG	11	15	40	57
n02279972_406.JPEG	0	6	56	63
n02279972_166.JPEG	0	7	42	59
n02279972_176.JPEG	0	11	63	52
n02279972_31.JPEG	2	9	50	50
n02279972_383.JPEG	7	0	53	63
n02279972_469.JPEG	22	4	63	47
n02279972_372.JPEG	6	20	36	54
n02279972_86.JPEG	0	11	29	33
n02279972_173.JPEG	5	1	63	61
n02279972_256.JPEG	10	20	40	43
n02279972_476.JPEG	21	5	59	61
n02279972_264.JPEG	0	10	55	49
n02279972_126.JPEG	22	9	52	38
n02279972_330.JPEG	23	9	59	41
n02279972_412.JPEG	10	8	63	44
n02279972_67.JPEG	0	17	17	60
n02279972_12.JPEG	0	17	54	55
n02279972_370.JPEG	14	11	54	37
n02279972_392.JPEG	8	5	63	49
n02279972_185.JPEG	42	19	61	34
n02279972_246.JPEG	0	10	63	54
n02279972_195.JPEG	0	0	47	62
n02279972_8.JPEG	20	28	63	60
n02279972_420.JPEG	17	5	61	41
n02279972_386.JPEG	5	8	56	52
n02279972_455.JPEG	20	19	59	59
n02279972_71.JPEG	19	17	46	34
n02279972_29.JPEG	7	7	63	39
n02279972_460.JPEG	0	8	63	43
n02279972_178.JPEG	3	5	35	53
n02279972_296.JPEG	12	3	56	61
n02279972_437.JPEG	9	46	32	63
n02279972_315.JPEG	1	10	63	53
n02279972_312.JPEG	19	0	55	30
n02279972_356.JPEG	0	11	63	63
n02279972_369.JPEG	1	18	63	54
n02279972_190.JPEG	14	19	41	48
n02279972_363.JPEG	25	5	39	55
n02279972_14.JPEG	0	0	53	63
n02279972_63.JPEG	6	1	58	62
n02279972_353.JPEG	0	16	29	48
n02279972_243.JPEG	0	3	63	63
n02279972_401.JPEG	14	1	55	62
n02279972_349.JPEG	9	0	58	63
n02279972_489.JPEG	12	10	58	50
n02279972_159.JPEG	0	12	57	37
n02279972_375.JPEG	4	0	54	63
n02279972_186.JPEG	15	11	39	48
n02279972_153.JPEG	1	26	49	53
n02279972_435.JPEG	0	4	63	57
n02279972_254.JPEG	14	8	63	46
n02279972_478.JPEG	0	18	55	47
n02279972_22.JPEG	21	1	48	54
n02279972_309.JPEG	8	16	61	52
val_576.JPEG	7	5	61	43
val_6122.JPEG	0	0	63	55
val_9219.JPEG	4	20	48	59
val_2465.JPEG	11	2	57	58
val_8177.JPEG	1	6	24	30
val_4655.JPEG	0	5	63	57
val_8195.JPEG	0	14	63	52
val_6463.JPEG	0	21	62	63
val_9429.JPEG	26	34	54	58
val_5655.JPEG	17	13	49	35
val_9379.JPEG	0	1	63	47
val_6364.JPEG	7	10	46	50
val_7754.JPEG	22	6	62	43
val_86.JPEG	19	24	30	46
val_8904.JPEG	6	0	42	45
val_584.JPEG	14	12	46	58
val_7622.JPEG	0	7	45	57
val_7420.JPEG	11	15	57	48
val_8103.JPEG	22	16	38	48
val_1084.JPEG	16	16	63	49
val_1558.JPEG	0	11	61	51
val_5622.JPEG	11	3	63	62
val_5761.JPEG	18	16	44	40
val_1156.JPEG	0	16	54	57
val_8788.JPEG	14	6	45	47
val_1275.JPEG	0	4	48	56
val_2094.JPEG	23	11	48	42
val_3995.JPEG	4	1	62	60
val_5159.JPEG	10	12	56	58
val_6689.JPEG	11	4	36	32
val_6292.JPEG	0	14	63	50
val_873.JPEG	8	16	48	49
val_9671.JPEG	0	5	45	51
val_9906.JPEG	4	15	19	28
val_9797.JPEG	0	7	63	63
