n01774750_162.JPEG	0	0	63	63
n01774750_254.JPEG	12	0	55	63
n01774750_26.JPEG	18	16	35	29
n01774750_401.JPEG	0	5	31	47
n01774750_269.JPEG	4	12	31	38
n01774750_156.JPEG	3	3	63	62
n01774750_350.JPEG	0	1	63	63
n01774750_399.JPEG	0	0	63	63
n01774750_415.JPEG	1	0	54	63
n01774750_365.JPEG	4	11	42	63
n01774750_423.JPEG	6	0	63	63
n01774750_294.JPEG	3	0	63	63
n01774750_184.JPEG	3	7	60	50
n01774750_257.JPEG	5	10	63	57
n01774750_270.JPEG	29	27	40	39
n01774750_487.JPEG	0	0	63	63
n01774750_465.JPEG	0	0	63	63
n01774750_265.JPEG	0	2	48	63
n01774750_456.JPEG	10	13	63	51
n01774750_197.JPEG	25	14	51	54
n01774750_241.JPEG	0	12	62	59
n01774750_8.JPEG	10	23	63	63
n01774750_218.JPEG	7	20	59	47
n01774750_332.JPEG	27	13	51	40
n01774750_60.JPEG	0	2	63	63
n01774750_373.JPEG	15	3	63	52
n01774750_359.JPEG	0	6	63	57
n01774750_485.JPEG	11	20	44	50
n01774750_118.JPEG	18	3	59	58
n01774750_403.JPEG	15	15	48	57
n01774750_32.JPEG	0	1	63	63
n01774750_181.JPEG	1	0	63	49
n01774750_248.JPEG	5	5	63	63
n01774750_397.JPEG	9	7	59	59
n01774750_287.JPEG	7	13	59	58
n01774750_443.JPEG	0	1	63	63
n01774750_109.JPEG	0	0	63	63
n01774750_182.JPEG	8	4	59	61
n01774750_170.JPEG	0	1	63	63
n01774750_293.JPEG	7	35	35	49
n01774750_157.JPEG	4	0	52	63
n01774750_245.JPEG	5	0	63	63
n01774750_282.JPEG	9	3	56	63
n01774750_464.JPEG	6	4	45	63
n01774750_58.JPEG	1	4	60	63
n01774750_83.JPEG	12	1	55	62
n01774750_299.JPEG	2	3	63	63
n01774750_94.JPEG	35	18	61	42
n01774750_71.JPEG	27	31	37	48
n01774750_192.JPEG	0	15	49	58
n01774750_212.JPEG	0	1	63	63
n01774750_393.JPEG	12	1	57	63
n01774750_124.JPEG	0	18	60	59
n01774750_324.JPEG	6	1	58	62
n01774750_236.JPEG	6	13	49	54
n01774750_261.JPEG	0	7	63	63
n01774750_428.JPEG	0	4	63	63
n01774750_147.JPEG	31	0	63	36
n01774750_201.JPEG	3	3	63	63
n01774750_141.JPEG	0	6	63	58
n01774750_266.JPEG	5	11	63	63
n01774750_416.JPEG	8	3	46	48
n01774750_6.JPEG	7	14	63	56
n01774750_224.JPEG	0	6	63	59
n01774750_17.JPEG	1	13	63	54
n01774750_132.JPEG	0	3	63	63
n01774750_489.JPEG	3	8	63	59
n01774750_412.JPEG	5	2	61	63
n01774750_319.JPEG	21	4	63	59
n01774750_307.JPEG	0	5	53	46
n01774750_90.JPEG	4	11	57	51
n01774750_235.JPEG	0	14	63	56
n01774750_163.JPEG	6	9	58	60
n01774750_404.JPEG	0	0	63	63
n01774750_106.JPEG	0	1	63	63
n01774750_27.JPEG	0	1	57	59
n01774750_427.JPEG	17	13	54	46
n01774750_9.JPEG	0	0	63	61
n01774750_101.JPEG	10	9	55	60
n01774750_286.JPEG	0	0	63	63
n01774750_260.JPEG	14	11	53	37
n01774750_251.JPEG	0	1	35	63
n01774750_277.JPEG	43	31	62	45
n01774750_367.JPEG	0	0	63	63
n01774750_341.JPEG	10	0	63	58
n01774750_177.JPEG	0	12	63	63
n01774750_411.JPEG	0	0	63	63
n01774750_442.JPEG	18	32	60	54
n01774750_99.JPEG	0	2	63	63
n01774750_16.JPEG	0	1	60	63
n01774750_361.JPEG	18	30	56	63
n01774750_271.JPEG	13	2	50	54
n01774750_354.JPEG	7	10	54	56
n01774750_492.JPEG	0	5	63	60
n01774750_280.JPEG	8	3	55	63
n01774750_64.JPEG	5	1	63	61
n01774750_185.JPEG	0	3	63	61
n01774750_50.JPEG	27	30	44	39
n01774750_92.JPEG	0	1	63	63
n01774750_7.JPEG	0	11	61	58
n01774750_377.JPEG	0	0	63	63
n01774750_120.JPEG	12	20	55	56
n01774750_449.JPEG	0	2	63	63
n01774750_434.JPEG	12	6	63	51
n01774750_3.JPEG	0	1	63	63
n01774750_165.JPEG	0	1	62	60
n01774750_180.JPEG	0	5	56	57
n01774750_155.JPEG	17	25	44	46
n01774750_292.JPEG	30	20	54	42
n01774750_441.JPEG	7	6	58	58
n01774750_24.JPEG	19	17	48	46
n01774750_474.JPEG	0	6	63	54
n01774750_112.JPEG	5	0	63	63
n01774750_2.JPEG	13	13	52	41
n01774750_175.JPEG	0	10	63	60
n01774750_85.JPEG	22	17	56	52
n01774750_369.JPEG	0	5	63	56
n01774750_406.JPEG	0	7	63	63
n01774750_216.JPEG	0	3	63	62
n01774750_312.JPEG	9	21	60	48
n01774750_95.JPEG	0	11	63	63
n01774750_96.JPEG	1	15	62	59
n01774750_352.JPEG	0	0	63	63
n01774750_337.JPEG	0	0	63	63
n01774750_116.JPEG	3	7	33	33
n01774750_249.JPEG	0	2	63	63
n01774750_285.JPEG	2	16	63	54
n01774750_457.JPEG	5	0	63	63
n01774750_146.JPEG	2	10	57	60
n01774750_209.JPEG	1	0	62	56
n01774750_391.JPEG	0	8	63	61
n01774750_171.JPEG	35	25	47	40
n01774750_40.JPEG	0	1	39	63
n01774750_494.JPEG	0	10	63	60
n01774750_57.JPEG	0	20	37	58
n01774750_448.JPEG	0	7	63	57
n01774750_317.JPEG	0	1	53	56
n01774750_222.JPEG	3	36	16	45
n01774750_289.JPEG	19	16	45	46
n01774750_23.JPEG	0	0	63	63
n01774750_327.JPEG	1	15	38	46
n01774750_272.JPEG	0	9	63	59
n01774750_250.JPEG	19	5	54	32
n01774750_328.JPEG	9	18	47	54
n01774750_43.JPEG	0	26	63	60
n01774750_11.JPEG	18	11	49	56
n01774750_394.JPEG	4	0	62	63
n01774750_31.JPEG	2	1	63	63
n01774750_467.JPEG	8	27	40	48
n01774750_475.JPEG	10	28	43	49
n01774750_239.JPEG	3	4	63	60
n01774750_42.JPEG	0	20	63	53
n01774750_301.JPEG	0	1	63	63
n01774750_314.JPEG	1	6	63	63
n01774750_158.JPEG	0	6	63	59
n01774750_18.JPEG	0	9	61	56
n01774750_164.JPEG	4	5	63	63
n01774750_483.JPEG	2	2	61	63
n01774750_479.JPEG	17	12	53	47
n01774750_400.JPEG	14	13	62	41
n01774750_196.JPEG	0	2	63	63
n01774750_134.JPEG	0	1	63	63
n01774750_256.JPEG	0	9	63	63
n01774750_47.JPEG	0	1	63	63
n01774750_136.JPEG	0	0	63	63
n01774750_316.JPEG	0	14	63	60
n01774750_300.JPEG	5	9	62	63
n01774750_305.JPEG	3	0	63	63
n01774750_21.JPEG	7	18	58	61
n01774750_495.JPEG	0	13	63	57
n01774750_10.JPEG	12	28	52	51
n01774750_69.JPEG	1	0	59	63
n01774750_217.JPEG	0	7	63	60
n01774750_79.JPEG	2	8	53	63
n01774750_225.JPEG	0	16	25	56
n01774750_336.JPEG	8	0	61	63
n01774750_460.JPEG	0	3	63	61
n01774750_19.JPEG	3	6	63	63
n01774750_491.JPEG	5	16	59	47
n01774750_420.JPEG	22	14	55	53
n01774750_439.JPEG	6	15	63	63
n01774750_490.JPEG	0	11	63	57
n01774750_78.JPEG	16	26	40	40
n01774750_37.JPEG	23	29	46	43
n01774750_303.JPEG	5	20	63	49
n01774750_478.JPEG	0	1	47	37
n01774750_49.JPEG	0	8	63	63
n01774750_226.JPEG	24	26	63	52
n01774750_380.JPEG	14	6	59	61
n01774750_452.JPEG	2	0	63	63
n01774750_159.JPEG	0	0	63	63
n01774750_135.JPEG	0	0	63	63
n01774750_194.JPEG	10	12	61	55
n01774750_308.JPEG	18	12	48	53
n01774750_4.JPEG	0	2	63	63
n01774750_97.JPEG	0	4	63	61
n01774750_186.JPEG	15	19	49	54
n01774750_453.JPEG	0	18	63	58
n01774750_357.JPEG	7	2	63	61
n01774750_107.JPEG	0	7	63	61
n01774750_295.JPEG	7	0	53	63
n01774750_461.JPEG	11	6	63	61
n01774750_437.JPEG	0	9	63	60
n01774750_311.JPEG	0	5	41	45
n01774750_496.JPEG	0	10	63	60
n01774750_149.JPEG	0	9	63	63
n01774750_82.JPEG	0	7	61	63
n01774750_142.JPEG	0	1	63	63
n01774750_129.JPEG	13	17	57	47
n01774750_223.JPEG	14	2	49	63
n01774750_227.JPEG	0	0	63	63
n01774750_36.JPEG	0	8	63	63
n01774750_414.JPEG	8	0	52	63
n01774750_189.JPEG	3	7	57	62
n01774750_383.JPEG	0	0	32	22
n01774750_1.JPEG	1	6	63	63
n01774750_388.JPEG	0	1	63	63
n01774750_46.JPEG	0	3	63	63
n01774750_160.JPEG	0	1	63	63
n01774750_296.JPEG	22	27	51	43
n01774750_14.JPEG	0	2	63	63
n01774750_133.JPEG	11	18	57	40
n01774750_329.JPEG	6	13	47	57
n01774750_268.JPEG	18	33	37	44
n01774750_143.JPEG	19	40	42	57
n01774750_424.JPEG	36	2	48	27
n01774750_417.JPEG	4	10	60	63
n01774750_243.JPEG	0	8	63	63
n01774750_130.JPEG	17	14	63	52
n01774750_499.JPEG	10	1	63	58
n01774750_244.JPEG	0	1	63	63
n01774750_376.JPEG	0	11	31	62
n01774750_481.JPEG	0	1	63	63
n01774750_339.JPEG	0	2	63	62
n01774750_152.JPEG	21	16	63	54
n01774750_493.JPEG	10	18	52	47
n01774750_438.JPEG	0	14	63	63
n01774750_463.JPEG	0	0	63	63
n01774750_396.JPEG	20	1	63	63
n01774750_315.JPEG	8	29	24	41
n01774750_190.JPEG	12	17	62	53
n01774750_378.JPEG	0	7	63	56
n01774750_231.JPEG	9	12	61	63
n01774750_498.JPEG	0	0	63	63
n01774750_325.JPEG	23	17	46	50
n01774750_358.JPEG	5	11	56	60
n01774750_484.JPEG	0	5	63	59
n01774750_41.JPEG	0	2	63	63
n01774750_75.JPEG	8	7	44	53
n01774750_65.JPEG	0	1	63	59
n01774750_459.JPEG	0	12	63	60
n01774750_290.JPEG	1	0	63	63
n01774750_39.JPEG	0	0	43	49
n01774750_238.JPEG	27	42	54	63
n01774750_471.JPEG	1	10	56	57
n01774750_44.JPEG	0	13	63	61
n01774750_318.JPEG	2	14	52	31
n01774750_202.JPEG	35	18	63	55
n01774750_195.JPEG	0	10	63	48
n01774750_362.JPEG	19	0	54	60
n01774750_111.JPEG	0	0	63	63
n01774750_488.JPEG	0	11	63	63
n01774750_174.JPEG	0	13	63	58
n01774750_326.JPEG	17	6	37	21
n01774750_193.JPEG	0	0	63	63
n01774750_0.JPEG	19	18	55	49
n01774750_338.JPEG	4	0	59	63
n01774750_199.JPEG	0	1	63	63
n01774750_413.JPEG	0	4	61	63
n01774750_179.JPEG	0	6	62	60
n01774750_126.JPEG	0	7	63	59
n01774750_70.JPEG	0	49	48	63
n01774750_330.JPEG	0	10	63	63
n01774750_356.JPEG	13	7	55	63
n01774750_38.JPEG	0	3	63	61
n01774750_169.JPEG	6	5	63	62
n01774750_220.JPEG	7	8	50	50
n01774750_200.JPEG	16	29	43	48
n01774750_128.JPEG	14	17	63	57
n01774750_421.JPEG	0	5	63	57
n01774750_108.JPEG	6	3	54	61
n01774750_29.JPEG	4	21	63	62
n01774750_144.JPEG	7	0	58	63
n01774750_191.JPEG	0	15	56	58
n01774750_207.JPEG	0	0	63	63
n01774750_113.JPEG	15	18	63	40
n01774750_232.JPEG	6	6	63	63
n01774750_263.JPEG	7	11	50	57
n01774750_279.JPEG	0	6	63	62
n01774750_203.JPEG	0	0	63	63
n01774750_355.JPEG	36	11	63	55
n01774750_386.JPEG	4	11	54	60
n01774750_255.JPEG	9	22	45	46
n01774750_20.JPEG	0	5	63	54
n01774750_67.JPEG	4	18	63	55
n01774750_345.JPEG	0	3	60	61
n01774750_472.JPEG	0	16	30	36
n01774750_117.JPEG	4	28	57	59
n01774750_150.JPEG	9	17	23	35
n01774750_154.JPEG	0	14	63	60
n01774750_48.JPEG	11	4	55	57
n01774750_331.JPEG	0	16	63	63
n01774750_237.JPEG	0	1	63	60
n01774750_187.JPEG	5	5	43	50
n01774750_77.JPEG	0	9	63	63
n01774750_304.JPEG	24	19	44	35
n01774750_363.JPEG	10	15	47	49
n01774750_390.JPEG	0	7	63	63
n01774750_61.JPEG	0	11	63	63
n01774750_25.JPEG	19	1	63	58
n01774750_405.JPEG	2	11	61	58
n01774750_435.JPEG	29	9	61	43
n01774750_392.JPEG	4	25	56	46
n01774750_88.JPEG	4	4	54	62
n01774750_432.JPEG	0	4	63	63
n01774750_52.JPEG	0	7	63	58
n01774750_172.JPEG	14	27	49	54
n01774750_466.JPEG	7	25	21	35
n01774750_273.JPEG	0	3	63	57
n01774750_410.JPEG	0	14	63	63
n01774750_178.JPEG	0	14	63	62
n01774750_176.JPEG	0	9	63	63
n01774750_211.JPEG	7	0	63	63
n01774750_333.JPEG	0	2	63	63
n01774750_426.JPEG	8	6	60	47
n01774750_198.JPEG	16	23	55	46
n01774750_206.JPEG	11	4	63	57
n01774750_470.JPEG	6	10	60	50
n01774750_425.JPEG	8	3	63	63
n01774750_247.JPEG	0	10	63	54
n01774750_138.JPEG	10	15	54	55
n01774750_482.JPEG	0	0	63	63
n01774750_360.JPEG	6	0	63	63
n01774750_110.JPEG	5	36	45	63
n01774750_80.JPEG	0	3	63	62
n01774750_446.JPEG	0	0	63	53
n01774750_173.JPEG	0	2	63	63
n01774750_454.JPEG	14	15	55	42
n01774750_5.JPEG	4	8	53	56
n01774750_370.JPEG	0	6	63	58
n01774750_274.JPEG	0	7	62	63
n01774750_183.JPEG	22	18	49	45
n01774750_102.JPEG	7	2	63	41
n01774750_335.JPEG	5	0	58	63
n01774750_30.JPEG	1	0	53	62
n01774750_469.JPEG	0	4	54	57
n01774750_476.JPEG	0	23	36	62
n01774750_321.JPEG	9	0	59	63
n01774750_344.JPEG	1	1	63	63
n01774750_276.JPEG	6	24	52	51
val_3512.JPEG	0	3	43	59
val_4348.JPEG	0	15	63	55
val_7336.JPEG	14	8	56	49
val_1344.JPEG	0	0	63	63
val_3300.JPEG	0	10	63	52
val_7966.JPEG	0	8	63	58
val_2641.JPEG	1	3	63	59
val_844.JPEG	29	16	44	44
val_372.JPEG	25	29	40	36
val_5988.JPEG	2	7	56	63
val_4988.JPEG	0	1	63	63
val_8209.JPEG	21	37	61	62
val_7767.JPEG	0	1	63	63
val_6930.JPEG	0	5	63	60
val_4060.JPEG	35	24	44	36
val_6971.JPEG	5	16	57	48
val_1661.JPEG	5	21	63	62
val_50.JPEG	0	12	63	51
val_7753.JPEG	0	32	25	60
val_2719.JPEG	0	1	63	63
val_9319.JPEG	9	11	57	52
val_5048.JPEG	1	0	63	63
val_9327.JPEG	6	30	52	63
val_3607.JPEG	0	20	53	50
val_891.JPEG	0	1	63	63
val_6375.JPEG	2	16	48	63
val_3815.JPEG	4	24	57	49
val_1127.JPEG	13	6	63	57
val_9124.JPEG	5	0	59	63
val_5920.JPEG	8	10	63	63
val_4267.JPEG	17	25	47	54
val_2314.JPEG	2	0	63	63
val_343.JPEG	1	22	63	59
val_8896.JPEG	4	1	63	63
val_7853.JPEG	8	24	60	61
