n02206856_215.JPEG	41	28	63	39
n02206856_258.JPEG	0	4	62	55
n02206856_487.JPEG	6	3	20	14
n02206856_277.JPEG	11	16	48	48
n02206856_177.JPEG	6	12	46	54
n02206856_223.JPEG	4	9	41	61
n02206856_131.JPEG	13	6	61	63
n02206856_102.JPEG	0	39	0	46
n02206856_459.JPEG	14	7	58	57
n02206856_4.JPEG	9	14	52	57
n02206856_397.JPEG	8	25	19	41
n02206856_457.JPEG	15	9	43	31
n02206856_377.JPEG	0	14	63	55
n02206856_94.JPEG	10	17	43	44
n02206856_394.JPEG	24	16	59	40
n02206856_492.JPEG	20	8	63	47
n02206856_189.JPEG	7	14	35	39
n02206856_463.JPEG	17	19	51	44
n02206856_207.JPEG	12	10	57	37
n02206856_420.JPEG	1	18	63	52
n02206856_253.JPEG	15	0	58	48
n02206856_39.JPEG	45	33	63	60
n02206856_120.JPEG	20	19	63	53
n02206856_332.JPEG	0	17	63	42
n02206856_382.JPEG	2	30	29	57
n02206856_262.JPEG	22	7	42	35
n02206856_255.JPEG	9	13	55	51
n02206856_14.JPEG	21	18	40	40
n02206856_494.JPEG	32	27	57	55
n02206856_316.JPEG	31	12	60	56
n02206856_122.JPEG	17	16	47	42
n02206856_381.JPEG	17	3	63	53
n02206856_409.JPEG	11	6	36	34
n02206856_239.JPEG	16	15	63	63
n02206856_92.JPEG	8	0	60	62
n02206856_467.JPEG	42	20	54	40
n02206856_405.JPEG	21	11	63	56
n02206856_126.JPEG	1	12	63	58
n02206856_182.JPEG	32	11	46	37
n02206856_371.JPEG	28	16	63	44
n02206856_432.JPEG	3	17	51	61
n02206856_91.JPEG	34	24	62	62
n02206856_407.JPEG	8	17	56	38
n02206856_406.JPEG	30	2	48	11
n02206856_23.JPEG	22	24	41	40
n02206856_293.JPEG	0	1	44	50
n02206856_267.JPEG	0	10	59	52
n02206856_170.JPEG	16	15	51	45
n02206856_187.JPEG	0	0	61	55
n02206856_142.JPEG	16	11	50	45
n02206856_43.JPEG	6	12	48	53
n02206856_225.JPEG	11	17	34	37
n02206856_164.JPEG	12	34	37	55
n02206856_218.JPEG	0	18	47	49
n02206856_65.JPEG	5	12	32	30
n02206856_212.JPEG	27	34	46	46
n02206856_144.JPEG	10	7	42	47
n02206856_472.JPEG	2	10	36	49
n02206856_45.JPEG	32	7	63	43
n02206856_246.JPEG	17	21	45	42
n02206856_491.JPEG	2	8	63	63
n02206856_48.JPEG	2	31	24	50
n02206856_358.JPEG	23	28	54	48
n02206856_194.JPEG	31	21	37	26
n02206856_476.JPEG	19	30	62	63
n02206856_308.JPEG	0	8	54	63
n02206856_266.JPEG	2	6	36	34
n02206856_71.JPEG	27	25	45	49
n02206856_435.JPEG	25	22	63	48
n02206856_309.JPEG	29	22	46	46
n02206856_347.JPEG	2	11	49	57
n02206856_105.JPEG	26	6	63	59
n02206856_41.JPEG	10	5	42	43
n02206856_275.JPEG	0	6	63	63
n02206856_158.JPEG	20	24	35	41
n02206856_343.JPEG	7	3	63	52
n02206856_318.JPEG	13	6	29	22
n02206856_10.JPEG	0	9	52	63
n02206856_373.JPEG	0	8	63	63
n02206856_493.JPEG	26	27	37	43
n02206856_21.JPEG	15	12	39	45
n02206856_130.JPEG	0	7	50	37
n02206856_322.JPEG	21	21	54	49
n02206856_344.JPEG	0	20	25	56
n02206856_1.JPEG	7	7	36	45
n02206856_202.JPEG	21	2	63	43
n02206856_361.JPEG	0	7	40	41
n02206856_303.JPEG	0	8	63	49
n02206856_380.JPEG	9	21	48	56
n02206856_104.JPEG	14	19	47	48
n02206856_324.JPEG	20	28	62	63
n02206856_334.JPEG	0	13	36	33
n02206856_474.JPEG	21	8	63	49
n02206856_146.JPEG	0	3	63	59
n02206856_496.JPEG	18	25	45	44
n02206856_372.JPEG	3	4	63	58
n02206856_366.JPEG	19	20	46	43
n02206856_446.JPEG	0	9	61	51
n02206856_165.JPEG	28	28	39	40
n02206856_369.JPEG	7	15	46	53
n02206856_193.JPEG	19	8	55	39
n02206856_398.JPEG	0	12	55	61
n02206856_205.JPEG	38	32	51	46
n02206856_133.JPEG	10	7	58	58
n02206856_291.JPEG	0	15	63	58
n02206856_387.JPEG	18	17	37	30
n02206856_498.JPEG	22	20	49	49
n02206856_299.JPEG	44	26	61	44
n02206856_197.JPEG	5	10	48	50
n02206856_82.JPEG	17	20	63	58
n02206856_22.JPEG	0	18	63	63
n02206856_495.JPEG	35	22	53	36
n02206856_159.JPEG	25	29	45	44
n02206856_417.JPEG	19	1	49	43
n02206856_75.JPEG	0	1	48	60
n02206856_199.JPEG	0	13	48	63
n02206856_20.JPEG	8	4	54	51
n02206856_276.JPEG	22	21	37	47
n02206856_268.JPEG	26	30	62	53
n02206856_203.JPEG	13	19	35	50
n02206856_357.JPEG	0	6	33	55
n02206856_315.JPEG	7	21	39	50
n02206856_415.JPEG	28	24	39	42
n02206856_307.JPEG	28	6	45	18
n02206856_190.JPEG	8	13	43	32
n02206856_114.JPEG	0	11	61	62
n02206856_379.JPEG	5	7	61	56
n02206856_58.JPEG	0	11	19	32
n02206856_427.JPEG	15	1	50	52
n02206856_328.JPEG	0	5	63	55
n02206856_282.JPEG	12	5	43	54
n02206856_229.JPEG	0	21	63	61
n02206856_261.JPEG	0	0	63	63
n02206856_412.JPEG	0	5	21	42
n02206856_305.JPEG	28	26	37	36
n02206856_37.JPEG	26	15	44	30
n02206856_448.JPEG	6	1	57	55
n02206856_87.JPEG	24	29	48	49
n02206856_81.JPEG	14	20	55	60
n02206856_353.JPEG	0	5	60	48
n02206856_96.JPEG	25	13	48	29
n02206856_384.JPEG	42	23	63	44
n02206856_452.JPEG	0	0	51	63
n02206856_196.JPEG	17	10	58	49
n02206856_281.JPEG	27	31	63	57
n02206856_300.JPEG	5	15	63	63
n02206856_67.JPEG	7	10	63	61
n02206856_98.JPEG	26	25	38	45
n02206856_152.JPEG	16	5	50	43
n02206856_97.JPEG	8	21	59	51
n02206856_484.JPEG	2	22	49	63
n02206856_292.JPEG	22	15	47	45
n02206856_76.JPEG	28	26	36	34
n02206856_40.JPEG	1	10	53	53
n02206856_269.JPEG	3	5	46	46
n02206856_153.JPEG	18	19	45	48
n02206856_185.JPEG	13	6	50	44
n02206856_351.JPEG	0	1	63	63
n02206856_356.JPEG	0	4	63	63
n02206856_338.JPEG	15	14	43	40
n02206856_206.JPEG	31	7	63	59
n02206856_137.JPEG	23	12	41	34
n02206856_450.JPEG	16	18	42	36
n02206856_64.JPEG	0	19	63	62
n02206856_161.JPEG	8	19	63	63
n02206856_235.JPEG	8	14	46	43
n02206856_233.JPEG	14	23	41	42
n02206856_271.JPEG	22	11	49	46
n02206856_419.JPEG	20	17	62	58
n02206856_166.JPEG	0	11	63	58
n02206856_3.JPEG	18	20	46	41
n02206856_209.JPEG	29	7	63	54
n02206856_437.JPEG	6	5	56	60
n02206856_278.JPEG	24	16	43	36
n02206856_150.JPEG	40	13	47	25
n02206856_208.JPEG	21	20	54	50
n02206856_204.JPEG	40	22	54	43
n02206856_436.JPEG	7	25	43	63
n02206856_73.JPEG	31	19	61	41
n02206856_477.JPEG	0	43	7	56
n02206856_321.JPEG	19	23	59	54
n02206856_327.JPEG	20	3	61	57
n02206856_50.JPEG	15	10	54	46
n02206856_245.JPEG	2	9	63	54
n02206856_162.JPEG	2	23	38	49
n02206856_391.JPEG	21	11	35	25
n02206856_468.JPEG	23	5	63	52
n02206856_172.JPEG	7	0	54	61
n02206856_329.JPEG	23	24	38	40
n02206856_128.JPEG	0	2	57	53
n02206856_221.JPEG	15	28	37	39
n02206856_313.JPEG	5	11	40	48
n02206856_311.JPEG	15	5	63	41
n02206856_447.JPEG	12	16	57	63
n02206856_129.JPEG	9	20	29	33
n02206856_242.JPEG	0	5	63	63
n02206856_127.JPEG	0	4	52	63
n02206856_453.JPEG	18	27	39	58
n02206856_374.JPEG	25	6	48	42
n02206856_184.JPEG	28	29	37	35
n02206856_301.JPEG	15	18	63	63
n02206856_15.JPEG	4	2	63	63
n02206856_479.JPEG	20	25	37	42
n02206856_236.JPEG	23	6	55	36
n02206856_280.JPEG	19	4	63	58
n02206856_55.JPEG	21	5	62	49
n02206856_154.JPEG	18	12	36	25
n02206856_36.JPEG	22	17	47	39
n02206856_362.JPEG	12	19	36	41
n02206856_168.JPEG	28	14	43	25
n02206856_482.JPEG	0	14	51	59
n02206856_116.JPEG	4	5	60	63
n02206856_429.JPEG	0	1	63	63
n02206856_252.JPEG	0	0	63	54
n02206856_462.JPEG	0	8	52	57
n02206856_25.JPEG	0	9	53	57
n02206856_214.JPEG	7	9	38	41
n02206856_232.JPEG	12	18	48	44
n02206856_466.JPEG	12	7	56	49
n02206856_148.JPEG	14	8	60	49
n02206856_26.JPEG	11	12	49	31
n02206856_119.JPEG	21	12	39	28
n02206856_156.JPEG	16	27	38	58
n02206856_402.JPEG	27	43	36	54
n02206856_260.JPEG	24	27	44	43
n02206856_404.JPEG	0	14	63	53
n02206856_365.JPEG	7	4	44	42
n02206856_132.JPEG	20	19	36	44
n02206856_489.JPEG	19	18	46	51
n02206856_115.JPEG	12	15	46	47
n02206856_72.JPEG	0	5	62	58
n02206856_79.JPEG	0	10	63	59
n02206856_179.JPEG	15	13	46	34
n02206856_224.JPEG	17	22	50	55
n02206856_337.JPEG	11	16	48	40
n02206856_400.JPEG	24	9	50	39
n02206856_213.JPEG	24	22	36	37
n02206856_393.JPEG	35	0	52	11
n02206856_238.JPEG	25	16	47	49
n02206856_364.JPEG	24	27	40	38
n02206856_121.JPEG	21	8	34	31
n02206856_42.JPEG	5	16	63	50
n02206856_24.JPEG	0	29	16	45
n02206856_53.JPEG	24	9	48	49
n02206856_442.JPEG	25	23	43	35
n02206856_243.JPEG	0	9	63	63
n02206856_297.JPEG	28	8	36	15
n02206856_6.JPEG	49	31	63	48
n02206856_86.JPEG	15	1	29	19
n02206856_257.JPEG	18	11	63	57
n02206856_421.JPEG	17	15	48	42
n02206856_57.JPEG	0	0	61	60
n02206856_171.JPEG	2	6	37	31
n02206856_186.JPEG	17	28	39	48
n02206856_478.JPEG	31	11	41	20
n02206856_471.JPEG	38	31	63	51
n02206856_388.JPEG	38	30	57	43
n02206856_5.JPEG	41	20	63	48
n02206856_135.JPEG	31	13	48	28
n02206856_211.JPEG	9	3	63	63
n02206856_455.JPEG	3	13	63	63
n02206856_298.JPEG	28	28	63	60
n02206856_100.JPEG	15	11	42	48
n02206856_323.JPEG	10	14	58	49
n02206856_210.JPEG	0	24	38	62
n02206856_38.JPEG	19	13	54	42
n02206856_68.JPEG	17	7	60	40
n02206856_134.JPEG	19	27	29	38
n02206856_294.JPEG	3	21	41	56
n02206856_230.JPEG	46	14	63	31
n02206856_113.JPEG	24	16	50	34
n02206856_326.JPEG	11	25	52	47
n02206856_220.JPEG	0	7	63	63
n02206856_139.JPEG	0	5	41	51
n02206856_283.JPEG	30	26	63	59
n02206856_414.JPEG	0	9	63	63
n02206856_124.JPEG	19	8	45	35
n02206856_149.JPEG	36	13	63	62
n02206856_390.JPEG	27	9	58	46
n02206856_383.JPEG	29	10	36	17
n02206856_431.JPEG	13	3	61	56
n02206856_90.JPEG	21	34	43	52
n02206856_355.JPEG	18	17	62	52
n02206856_143.JPEG	1	0	63	63
n02206856_219.JPEG	41	13	58	32
n02206856_106.JPEG	17	12	32	51
n02206856_138.JPEG	25	11	53	32
n02206856_176.JPEG	12	11	45	48
n02206856_19.JPEG	9	26	41	59
n02206856_302.JPEG	25	27	43	40
n02206856_59.JPEG	33	27	44	35
n02206856_481.JPEG	12	22	31	35
n02206856_312.JPEG	32	21	51	41
n02206856_216.JPEG	14	15	58	50
n02206856_35.JPEG	0	1	63	63
n02206856_449.JPEG	2	5	57	42
n02206856_389.JPEG	3	2	30	37
n02206856_399.JPEG	19	36	35	63
n02206856_274.JPEG	29	22	39	34
n02206856_95.JPEG	0	4	63	57
n02206856_240.JPEG	18	13	54	50
n02206856_335.JPEG	15	22	51	61
n02206856_51.JPEG	27	5	47	22
n02206856_0.JPEG	36	34	50	43
n02206856_248.JPEG	21	24	52	44
n02206856_363.JPEG	2	15	44	49
n02206856_93.JPEG	44	28	60	44
n02206856_155.JPEG	8	19	43	63
n02206856_30.JPEG	1	1	63	63
n02206856_464.JPEG	5	16	46	41
n02206856_52.JPEG	26	25	49	49
n02206856_285.JPEG	10	11	63	63
n02206856_411.JPEG	14	23	38	45
n02206856_416.JPEG	35	19	63	43
n02206856_368.JPEG	24	8	41	23
n02206856_160.JPEG	46	30	63	60
n02206856_108.JPEG	4	4	63	60
n02206856_17.JPEG	11	21	36	47
n02206856_296.JPEG	35	9	44	18
n02206856_422.JPEG	3	9	63	55
n02206856_430.JPEG	22	10	63	57
n02206856_27.JPEG	11	5	42	40
n02206856_395.JPEG	4	11	48	47
n02206856_61.JPEG	0	0	56	55
n02206856_101.JPEG	0	0	63	63
n02206856_265.JPEG	32	13	55	34
n02206856_56.JPEG	14	4	55	58
n02206856_141.JPEG	19	15	35	33
n02206856_346.JPEG	24	9	57	42
n02206856_423.JPEG	32	19	48	36
n02206856_376.JPEG	3	16	62	55
n02206856_352.JPEG	2	15	63	63
n02206856_288.JPEG	0	8	63	57
n02206856_340.JPEG	11	8	63	60
n02206856_244.JPEG	30	18	49	33
n02206856_279.JPEG	0	4	37	41
n02206856_34.JPEG	19	9	43	33
n02206856_306.JPEG	29	21	56	43
n02206856_339.JPEG	31	14	60	43
n02206856_360.JPEG	21	18	51	53
n02206856_473.JPEG	32	17	44	34
n02206856_314.JPEG	7	18	63	53
n02206856_486.JPEG	30	17	61	63
n02206856_80.JPEG	2	13	40	49
n02206856_386.JPEG	4	20	57	49
n02206856_378.JPEG	19	8	57	45
n02206856_180.JPEG	29	7	63	53
n02206856_424.JPEG	18	22	51	46
n02206856_408.JPEG	17	28	42	57
n02206856_89.JPEG	16	12	54	49
val_9432.JPEG	29	31	52	55
val_1172.JPEG	50	7	63	25
val_6382.JPEG	24	26	54	50
val_4313.JPEG	11	1	50	38
val_6782.JPEG	19	9	52	58
val_8020.JPEG	26	0	62	28
val_877.JPEG	2	19	30	58
val_7760.JPEG	1	0	58	58
val_8570.JPEG	24	21	46	33
val_4547.JPEG	8	14	57	60
val_1970.JPEG	0	6	47	63
val_6565.JPEG	0	6	63	63
val_102.JPEG	22	15	41	30
val_5229.JPEG	11	12	24	19
val_7036.JPEG	0	0	63	63
val_5509.JPEG	28	17	48	37
val_1552.JPEG	0	28	49	54
val_7093.JPEG	14	1	40	24
val_3238.JPEG	0	16	60	59
val_6762.JPEG	0	3	38	45
val_7212.JPEG	1	23	18	36
val_8128.JPEG	35	29	49	40
val_6025.JPEG	25	31	51	51
val_7325.JPEG	23	20	46	38
val_8639.JPEG	0	6	63	60
val_9333.JPEG	30	7	50	19
val_2263.JPEG	0	22	29	58
val_1458.JPEG	21	10	63	48
val_3660.JPEG	17	6	36	22
val_1229.JPEG	37	9	56	45
val_1651.JPEG	20	25	44	55
val_2456.JPEG	34	15	63	60
val_9489.JPEG	14	13	53	44
val_2776.JPEG	23	9	63	56
val_5228.JPEG	8	16	47	45
