n03837869_54.JPEG	14	0	48	63
n03837869_359.JPEG	25	24	40	63
n03837869_497.JPEG	28	8	33	36
n03837869_365.JPEG	0	23	6	63
n03837869_67.JPEG	9	0	30	63
n03837869_438.JPEG	43	6	51	40
n03837869_181.JPEG	36	0	52	63
n03837869_122.JPEG	35	0	55	63
n03837869_372.JPEG	45	16	49	52
n03837869_434.JPEG	26	0	37	63
n03837869_393.JPEG	26	0	40	63
n03837869_284.JPEG	6	0	58	63
n03837869_449.JPEG	21	8	46	63
n03837869_42.JPEG	25	0	42	63
n03837869_112.JPEG	0	3	57	63
n03837869_211.JPEG	25	2	34	48
n03837869_472.JPEG	27	0	37	63
n03837869_274.JPEG	58	8	63	63
n03837869_214.JPEG	29	0	40	63
n03837869_66.JPEG	25	3	47	63
n03837869_435.JPEG	24	0	42	63
n03837869_261.JPEG	16	5	22	63
n03837869_49.JPEG	29	0	33	30
n03837869_388.JPEG	5	17	9	46
n03837869_176.JPEG	10	0	16	42
n03837869_410.JPEG	16	0	50	63
n03837869_105.JPEG	23	4	43	48
n03837869_485.JPEG	39	0	50	60
n03837869_298.JPEG	19	14	28	60
n03837869_59.JPEG	33	0	55	56
n03837869_374.JPEG	12	10	22	58
n03837869_326.JPEG	28	7	36	48
n03837869_241.JPEG	21	0	40	59
n03837869_205.JPEG	22	0	38	63
n03837869_30.JPEG	13	2	50	63
n03837869_230.JPEG	24	3	39	63
n03837869_395.JPEG	12	0	51	63
n03837869_24.JPEG	0	0	44	63
n03837869_255.JPEG	14	0	54	48
n03837869_163.JPEG	2	18	62	63
n03837869_227.JPEG	19	0	32	63
n03837869_35.JPEG	17	0	50	63
n03837869_197.JPEG	23	0	40	63
n03837869_64.JPEG	28	7	36	63
n03837869_380.JPEG	14	5	48	63
n03837869_403.JPEG	23	0	37	63
n03837869_154.JPEG	29	4	54	63
n03837869_246.JPEG	11	0	49	63
n03837869_412.JPEG	24	0	46	56
n03837869_103.JPEG	5	0	38	63
n03837869_133.JPEG	15	4	27	54
n03837869_336.JPEG	28	26	36	55
n03837869_222.JPEG	28	0	38	63
n03837869_440.JPEG	24	0	38	63
n03837869_89.JPEG	24	5	45	57
n03837869_15.JPEG	27	0	35	40
n03837869_58.JPEG	14	7	24	63
n03837869_419.JPEG	6	0	63	63
n03837869_225.JPEG	14	5	28	63
n03837869_245.JPEG	28	0	42	63
n03837869_194.JPEG	23	0	32	63
n03837869_315.JPEG	31	4	38	49
n03837869_175.JPEG	10	0	25	63
n03837869_265.JPEG	34	7	38	40
n03837869_157.JPEG	21	23	36	49
n03837869_72.JPEG	29	0	35	50
n03837869_88.JPEG	43	14	51	63
n03837869_252.JPEG	31	37	37	62
n03837869_27.JPEG	24	0	41	63
n03837869_289.JPEG	25	0	38	51
n03837869_142.JPEG	29	2	36	56
n03837869_140.JPEG	26	6	42	59
n03837869_120.JPEG	37	3	52	63
n03837869_282.JPEG	4	0	61	63
n03837869_402.JPEG	22	0	32	54
n03837869_343.JPEG	0	5	63	63
n03837869_327.JPEG	25	23	38	63
n03837869_481.JPEG	28	16	31	32
n03837869_421.JPEG	20	0	44	63
n03837869_427.JPEG	19	0	47	63
n03837869_189.JPEG	13	0	25	63
n03837869_450.JPEG	15	6	23	47
n03837869_363.JPEG	29	13	36	53
n03837869_126.JPEG	30	26	33	39
n03837869_141.JPEG	26	0	39	63
n03837869_156.JPEG	17	0	49	63
n03837869_303.JPEG	27	4	40	63
n03837869_484.JPEG	0	0	47	63
n03837869_264.JPEG	14	0	39	63
n03837869_354.JPEG	39	15	62	63
n03837869_275.JPEG	27	0	37	63
n03837869_383.JPEG	23	0	42	63
n03837869_29.JPEG	19	0	46	63
n03837869_127.JPEG	26	0	40	56
n03837869_106.JPEG	26	0	43	63
n03837869_482.JPEG	19	0	47	63
n03837869_71.JPEG	22	1	49	63
n03837869_178.JPEG	9	9	16	55
n03837869_294.JPEG	23	0	63	63
n03837869_305.JPEG	1	13	12	63
n03837869_124.JPEG	28	0	35	53
n03837869_226.JPEG	0	21	63	32
n03837869_366.JPEG	13	0	47	63
n03837869_377.JPEG	28	3	38	53
n03837869_254.JPEG	24	0	36	63
n03837869_85.JPEG	25	0	34	55
n03837869_131.JPEG	25	0	37	63
n03837869_293.JPEG	22	16	44	61
n03837869_347.JPEG	23	0	38	63
n03837869_144.JPEG	30	15	38	52
n03837869_308.JPEG	25	2	46	63
n03837869_486.JPEG	23	0	43	63
n03837869_164.JPEG	18	0	50	63
n03837869_3.JPEG	20	0	44	63
n03837869_210.JPEG	24	3	42	63
n03837869_184.JPEG	24	0	55	63
n03837869_185.JPEG	16	0	26	59
n03837869_425.JPEG	23	0	43	63
n03837869_218.JPEG	29	24	32	51
n03837869_353.JPEG	11	0	21	57
n03837869_61.JPEG	17	0	38	63
n03837869_244.JPEG	25	21	31	57
n03837869_470.JPEG	22	0	41	63
n03837869_457.JPEG	42	1	62	63
n03837869_447.JPEG	16	0	30	63
n03837869_317.JPEG	26	0	38	63
n03837869_5.JPEG	46	19	51	48
n03837869_307.JPEG	49	0	60	58
n03837869_98.JPEG	19	2	32	63
n03837869_119.JPEG	29	4	40	63
n03837869_342.JPEG	0	5	30	63
n03837869_191.JPEG	35	0	53	50
n03837869_206.JPEG	19	0	63	63
n03837869_128.JPEG	29	27	37	63
n03837869_146.JPEG	38	11	46	48
n03837869_367.JPEG	0	0	58	63
n03837869_462.JPEG	23	0	40	63
n03837869_0.JPEG	19	33	28	63
n03837869_4.JPEG	25	0	43	63
n03837869_237.JPEG	4	0	63	63
n03837869_466.JPEG	26	0	42	63
n03837869_43.JPEG	27	6	34	51
n03837869_193.JPEG	6	0	55	63
n03837869_1.JPEG	28	0	40	63
n03837869_116.JPEG	16	0	29	36
n03837869_57.JPEG	25	0	42	63
n03837869_11.JPEG	29	31	38	63
n03837869_283.JPEG	23	0	36	63
n03837869_145.JPEG	34	0	45	56
n03837869_209.JPEG	18	5	27	56
n03837869_217.JPEG	29	2	38	58
n03837869_173.JPEG	26	2	39	63
n03837869_441.JPEG	19	9	31	53
n03837869_63.JPEG	39	15	51	51
n03837869_152.JPEG	20	0	40	63
n03837869_73.JPEG	29	0	44	63
n03837869_9.JPEG	40	27	50	63
n03837869_424.JPEG	22	0	51	63
n03837869_257.JPEG	23	0	43	63
n03837869_319.JPEG	24	8	37	63
n03837869_322.JPEG	24	0	38	63
n03837869_170.JPEG	24	0	63	63
n03837869_333.JPEG	9	2	21	63
n03837869_158.JPEG	28	5	34	52
n03837869_208.JPEG	10	0	37	63
n03837869_34.JPEG	25	8	41	63
n03837869_81.JPEG	24	5	39	63
n03837869_371.JPEG	24	0	38	63
n03837869_159.JPEG	4	0	49	63
n03837869_498.JPEG	25	3	40	63
n03837869_311.JPEG	21	0	44	63
n03837869_129.JPEG	22	2	28	46
n03837869_190.JPEG	17	0	30	63
n03837869_281.JPEG	18	5	46	50
n03837869_362.JPEG	26	0	35	60
n03837869_335.JPEG	11	0	21	63
n03837869_14.JPEG	2	2	63	63
n03837869_304.JPEG	4	0	26	63
n03837869_52.JPEG	16	0	58	63
n03837869_267.JPEG	15	0	47	63
n03837869_418.JPEG	13	0	43	61
n03837869_17.JPEG	19	0	30	58
n03837869_268.JPEG	34	3	44	63
n03837869_28.JPEG	18	9	42	63
n03837869_408.JPEG	26	0	34	63
n03837869_313.JPEG	28	28	36	53
n03837869_369.JPEG	17	7	43	63
n03837869_467.JPEG	31	22	36	40
n03837869_437.JPEG	25	0	37	63
n03837869_232.JPEG	28	11	37	49
n03837869_238.JPEG	26	0	36	49
n03837869_202.JPEG	27	27	35	61
n03837869_409.JPEG	25	0	34	53
n03837869_446.JPEG	49	0	63	63
n03837869_138.JPEG	19	0	40	63
n03837869_201.JPEG	20	0	42	63
n03837869_179.JPEG	24	0	44	63
n03837869_490.JPEG	22	0	43	63
n03837869_182.JPEG	31	18	33	41
n03837869_279.JPEG	6	0	38	63
n03837869_455.JPEG	18	19	23	47
n03837869_96.JPEG	24	0	52	63
n03837869_391.JPEG	1	7	12	45
n03837869_250.JPEG	12	0	50	63
n03837869_300.JPEG	29	4	34	39
n03837869_169.JPEG	26	0	50	63
n03837869_278.JPEG	22	0	36	63
n03837869_165.JPEG	4	0	47	63
n03837869_413.JPEG	28	0	49	61
n03837869_97.JPEG	30	0	42	61
n03837869_320.JPEG	25	0	36	46
n03837869_306.JPEG	18	0	55	46
n03837869_95.JPEG	23	3	34	63
n03837869_387.JPEG	25	4	34	60
n03837869_32.JPEG	17	20	28	55
n03837869_200.JPEG	31	12	35	43
n03837869_69.JPEG	49	31	59	63
n03837869_382.JPEG	1	0	60	63
n03837869_492.JPEG	12	0	51	63
n03837869_428.JPEG	21	19	29	63
n03837869_442.JPEG	17	0	45	60
n03837869_135.JPEG	7	0	58	63
n03837869_445.JPEG	23	0	41	63
n03837869_270.JPEG	26	0	38	63
n03837869_207.JPEG	0	13	52	63
n03837869_379.JPEG	22	1	53	63
n03837869_100.JPEG	31	9	41	63
n03837869_130.JPEG	15	0	46	63
n03837869_390.JPEG	27	0	45	63
n03837869_148.JPEG	24	9	28	48
n03837869_323.JPEG	23	0	34	63
n03837869_56.JPEG	18	0	34	63
n03837869_247.JPEG	23	0	42	63
n03837869_7.JPEG	38	8	47	58
n03837869_117.JPEG	12	0	50	63
n03837869_348.JPEG	14	0	54	63
n03837869_364.JPEG	37	0	53	63
n03837869_314.JPEG	12	0	54	63
n03837869_375.JPEG	16	9	31	63
n03837869_248.JPEG	24	2	39	63
n03837869_272.JPEG	15	3	52	63
n03837869_433.JPEG	11	0	59	63
n03837869_474.JPEG	23	0	41	63
n03837869_415.JPEG	23	0	41	63
n03837869_13.JPEG	32	0	36	45
n03837869_456.JPEG	29	11	38	42
n03837869_155.JPEG	25	0	42	63
n03837869_86.JPEG	18	0	34	51
n03837869_452.JPEG	24	0	35	63
n03837869_256.JPEG	28	0	41	63
n03837869_426.JPEG	25	8	33	42
n03837869_422.JPEG	28	0	37	63
n03837869_40.JPEG	22	0	38	56
n03837869_291.JPEG	43	32	53	63
n03837869_399.JPEG	25	0	38	63
n03837869_260.JPEG	27	0	40	61
n03837869_195.JPEG	15	20	30	63
n03837869_397.JPEG	19	15	29	63
n03837869_186.JPEG	28	0	40	61
n03837869_242.JPEG	27	0	38	61
n03837869_172.JPEG	0	16	4	45
n03837869_44.JPEG	27	0	41	63
n03837869_491.JPEG	31	16	34	43
n03837869_224.JPEG	25	0	43	60
n03837869_87.JPEG	22	0	48	63
n03837869_137.JPEG	5	3	17	62
n03837869_266.JPEG	5	0	63	63
n03837869_349.JPEG	29	23	32	44
n03837869_37.JPEG	24	6	40	61
n03837869_373.JPEG	17	0	46	63
n03837869_20.JPEG	38	0	55	63
n03837869_454.JPEG	18	0	55	63
n03837869_352.JPEG	39	26	42	35
n03837869_48.JPEG	28	0	38	61
n03837869_213.JPEG	30	2	34	40
n03837869_10.JPEG	9	5	27	40
n03837869_110.JPEG	24	0	37	63
n03837869_38.JPEG	28	0	36	63
n03837869_280.JPEG	21	17	51	63
n03837869_16.JPEG	32	15	37	50
n03837869_451.JPEG	32	10	38	52
n03837869_432.JPEG	23	0	52	63
n03837869_41.JPEG	31	22	34	44
n03837869_458.JPEG	5	0	59	63
n03837869_196.JPEG	34	0	63	63
n03837869_487.JPEG	26	0	39	50
n03837869_386.JPEG	5	2	18	62
n03837869_287.JPEG	27	0	39	49
n03837869_325.JPEG	24	0	37	63
n03837869_235.JPEG	26	4	35	58
n03837869_107.JPEG	21	0	31	53
n03837869_463.JPEG	23	0	41	63
n03837869_329.JPEG	16	0	30	38
n03837869_45.JPEG	15	12	27	62
n03837869_46.JPEG	26	15	40	55
n03837869_160.JPEG	2	0	54	63
n03837869_406.JPEG	19	0	56	63
n03837869_301.JPEG	30	0	39	58
n03837869_345.JPEG	19	0	37	51
n03837869_68.JPEG	30	10	37	53
n03837869_199.JPEG	27	0	39	62
n03837869_25.JPEG	22	0	40	63
n03837869_162.JPEG	24	0	39	63
n03837869_488.JPEG	26	6	35	52
n03837869_177.JPEG	11	0	49	63
n03837869_461.JPEG	20	0	42	63
n03837869_299.JPEG	28	3	35	40
n03837869_90.JPEG	40	0	55	62
n03837869_356.JPEG	1	0	26	63
n03837869_368.JPEG	29	0	43	63
n03837869_50.JPEG	4	0	26	63
n03837869_125.JPEG	17	0	25	63
n03837869_385.JPEG	7	0	47	63
n03837869_220.JPEG	21	4	31	50
n03837869_475.JPEG	24	0	31	42
n03837869_147.JPEG	26	0	36	63
n03837869_459.JPEG	24	0	63	63
n03837869_499.JPEG	29	0	42	50
n03837869_468.JPEG	13	0	53	63
n03837869_83.JPEG	18	21	49	63
n03837869_316.JPEG	0	2	21	63
n03837869_79.JPEG	12	0	52	63
n03837869_400.JPEG	11	39	21	55
n03837869_139.JPEG	13	4	16	27
n03837869_150.JPEG	21	0	30	63
n03837869_223.JPEG	20	0	44	63
n03837869_376.JPEG	59	6	63	55
n03837869_231.JPEG	36	0	50	63
n03837869_288.JPEG	33	0	43	49
n03837869_439.JPEG	27	0	40	63
n03837869_55.JPEG	20	0	49	63
n03837869_269.JPEG	21	0	39	63
n03837869_328.JPEG	24	0	37	63
n03837869_436.JPEG	26	6	49	63
n03837869_480.JPEG	18	1	35	63
n03837869_405.JPEG	28	6	37	56
n03837869_346.JPEG	0	9	63	63
n03837869_370.JPEG	14	0	55	63
n03837869_198.JPEG	2	0	62	63
n03837869_12.JPEG	1	0	63	63
n03837869_494.JPEG	23	20	26	35
n03837869_118.JPEG	26	0	37	63
n03837869_171.JPEG	22	0	42	63
n03837869_493.JPEG	26	17	33	59
n03837869_192.JPEG	7	0	57	63
n03837869_351.JPEG	11	0	30	24
n03837869_324.JPEG	40	13	44	29
n03837869_398.JPEG	0	0	55	63
n03837869_318.JPEG	24	18	34	52
n03837869_219.JPEG	9	0	53	63
val_6848.JPEG	38	0	62	63
val_757.JPEG	28	0	38	63
val_7095.JPEG	28	3	35	53
val_5124.JPEG	25	0	44	63
val_1297.JPEG	28	0	36	58
val_9834.JPEG	23	4	33	58
val_3749.JPEG	14	19	25	63
val_6504.JPEG	31	18	47	63
val_2122.JPEG	23	0	39	63
val_6707.JPEG	30	17	40	58
val_2522.JPEG	29	0	39	63
val_7512.JPEG	14	0	33	41
val_8210.JPEG	22	0	48	63
val_5283.JPEG	33	0	47	63
val_9774.JPEG	23	0	46	63
val_2574.JPEG	29	8	35	55
val_4708.JPEG	16	0	47	63
val_8176.JPEG	12	12	19	63
val_5849.JPEG	22	0	42	63
val_9972.JPEG	19	11	49	63
val_5776.JPEG	26	0	33	40
val_5083.JPEG	17	8	23	46
val_2649.JPEG	21	9	30	53
val_4433.JPEG	19	0	55	63
val_4699.JPEG	28	25	35	63
val_4704.JPEG	23	0	36	58
val_2002.JPEG	37	0	44	35
val_32.JPEG	59	6	63	63
val_9459.JPEG	28	5	38	57
val_8505.JPEG	24	0	42	63
val_963.JPEG	28	0	37	44
val_5443.JPEG	9	0	58	63
val_2632.JPEG	11	0	48	63
val_5764.JPEG	31	26	34	42
val_2075.JPEG	30	3	37	52
