n04356056_105.JPEG	19	14	28	18
n04356056_349.JPEG	27	14	47	20
n04356056_117.JPEG	5	5	63	32
n04356056_302.JPEG	0	4	63	49
n04356056_6.JPEG	0	24	43	37
n04356056_233.JPEG	24	0	37	5
n04356056_199.JPEG	15	15	21	19
n04356056_97.JPEG	0	17	35	37
n04356056_294.JPEG	0	30	38	45
n04356056_343.JPEG	26	23	49	30
n04356056_265.JPEG	5	37	25	48
n04356056_490.JPEG	0	15	63	58
n04356056_401.JPEG	0	3	63	63
n04356056_251.JPEG	36	12	48	18
n04356056_79.JPEG	18	11	42	20
n04356056_462.JPEG	0	16	58	53
n04356056_426.JPEG	0	1	63	57
n04356056_190.JPEG	10	42	51	51
n04356056_47.JPEG	33	0	49	45
n04356056_441.JPEG	0	0	63	38
n04356056_286.JPEG	24	16	31	18
n04356056_114.JPEG	0	32	19	43
n04356056_99.JPEG	25	14	36	18
n04356056_44.JPEG	16	19	48	29
n04356056_129.JPEG	0	11	45	29
n04356056_15.JPEG	1	10	31	22
n04356056_432.JPEG	33	22	57	41
n04356056_367.JPEG	0	20	13	29
n04356056_83.JPEG	0	0	63	63
n04356056_27.JPEG	0	3	62	31
n04356056_85.JPEG	4	10	17	34
n04356056_261.JPEG	49	15	58	34
n04356056_193.JPEG	8	29	29	38
n04356056_496.JPEG	23	2	35	6
n04356056_130.JPEG	15	9	49	25
n04356056_132.JPEG	1	18	37	63
n04356056_268.JPEG	25	32	39	37
n04356056_368.JPEG	0	13	63	49
n04356056_487.JPEG	8	12	63	37
n04356056_355.JPEG	0	14	63	43
n04356056_76.JPEG	23	8	34	12
n04356056_75.JPEG	21	0	42	2
n04356056_260.JPEG	30	19	52	29
n04356056_137.JPEG	0	22	63	60
n04356056_379.JPEG	0	15	63	24
n04356056_128.JPEG	0	2	63	59
n04356056_326.JPEG	12	15	54	32
n04356056_373.JPEG	0	22	63	57
n04356056_449.JPEG	25	14	48	25
n04356056_283.JPEG	25	34	42	39
n04356056_470.JPEG	43	13	63	22
n04356056_448.JPEG	24	31	35	34
n04356056_144.JPEG	8	14	58	44
n04356056_197.JPEG	20	21	43	31
n04356056_53.JPEG	55	11	61	14
n04356056_357.JPEG	21	17	61	32
n04356056_238.JPEG	25	3	40	10
n04356056_250.JPEG	0	18	63	54
n04356056_240.JPEG	11	4	43	20
n04356056_125.JPEG	0	16	47	30
n04356056_497.JPEG	20	24	47	37
n04356056_272.JPEG	1	13	63	54
n04356056_314.JPEG	0	23	10	45
n04356056_62.JPEG	12	24	53	39
n04356056_431.JPEG	0	8	49	58
n04356056_23.JPEG	3	8	63	35
n04356056_316.JPEG	47	16	57	21
n04356056_405.JPEG	8	40	63	60
n04356056_273.JPEG	31	17	50	28
n04356056_348.JPEG	29	13	35	17
n04356056_171.JPEG	17	14	52	30
n04356056_473.JPEG	10	23	47	39
n04356056_254.JPEG	11	16	39	25
n04356056_151.JPEG	14	23	51	45
n04356056_29.JPEG	0	26	63	63
n04356056_218.JPEG	20	21	38	28
n04356056_398.JPEG	6	0	63	9
n04356056_184.JPEG	41	23	63	32
n04356056_231.JPEG	0	12	55	59
n04356056_363.JPEG	0	16	63	51
n04356056_323.JPEG	17	0	50	63
n04356056_143.JPEG	0	6	63	38
n04356056_388.JPEG	15	27	50	40
n04356056_301.JPEG	0	10	63	45
n04356056_127.JPEG	31	19	43	58
n04356056_181.JPEG	24	29	34	37
n04356056_489.JPEG	0	11	63	63
n04356056_204.JPEG	27	28	50	38
n04356056_393.JPEG	17	20	62	35
n04356056_334.JPEG	0	9	63	63
n04356056_378.JPEG	0	0	63	56
n04356056_38.JPEG	29	6	54	36
n04356056_234.JPEG	21	16	62	41
n04356056_459.JPEG	3	0	61	18
n04356056_55.JPEG	3	14	23	47
n04356056_126.JPEG	9	0	43	6
n04356056_397.JPEG	0	20	57	60
n04356056_195.JPEG	24	48	56	62
n04356056_287.JPEG	0	12	63	60
n04356056_110.JPEG	17	14	46	27
n04356056_112.JPEG	46	15	58	21
n04356056_285.JPEG	1	33	50	49
n04356056_308.JPEG	18	15	46	26
n04356056_8.JPEG	22	22	47	32
n04356056_319.JPEG	0	0	63	30
n04356056_407.JPEG	0	24	63	56
n04356056_337.JPEG	3	10	63	37
n04356056_340.JPEG	20	28	44	36
n04356056_228.JPEG	26	27	44	33
n04356056_457.JPEG	34	30	44	42
n04356056_430.JPEG	0	1	63	55
n04356056_26.JPEG	0	11	63	60
n04356056_121.JPEG	0	21	63	48
n04356056_278.JPEG	17	24	44	32
n04356056_300.JPEG	20	11	42	23
n04356056_131.JPEG	0	11	34	28
n04356056_481.JPEG	22	0	48	10
n04356056_269.JPEG	0	3	63	63
n04356056_437.JPEG	1	22	47	41
n04356056_277.JPEG	22	0	34	2
n04356056_96.JPEG	10	19	63	61
n04356056_404.JPEG	0	0	61	56
n04356056_104.JPEG	0	14	62	41
n04356056_33.JPEG	2	19	63	35
n04356056_471.JPEG	21	13	48	24
n04356056_374.JPEG	4	1	63	48
n04356056_390.JPEG	20	4	34	11
n04356056_461.JPEG	16	19	49	31
n04356056_134.JPEG	26	8	37	12
n04356056_309.JPEG	0	13	63	50
n04356056_94.JPEG	2	9	63	53
n04356056_115.JPEG	0	6	63	63
n04356056_219.JPEG	14	26	41	33
n04356056_274.JPEG	0	0	57	12
n04356056_162.JPEG	1	23	42	37
n04356056_259.JPEG	0	13	63	54
n04356056_18.JPEG	19	21	63	44
n04356056_188.JPEG	19	16	55	31
n04356056_366.JPEG	0	4	63	50
n04356056_282.JPEG	0	10	63	57
n04356056_107.JPEG	35	19	53	25
n04356056_177.JPEG	12	5	63	35
n04356056_28.JPEG	22	23	46	37
n04356056_478.JPEG	20	0	33	0
n04356056_205.JPEG	56	18	62	21
n04356056_331.JPEG	23	24	37	30
n04356056_485.JPEG	0	21	27	33
n04356056_460.JPEG	16	14	26	19
n04356056_382.JPEG	21	28	34	32
n04356056_253.JPEG	3	19	63	58
n04356056_225.JPEG	10	23	61	41
n04356056_467.JPEG	28	17	57	30
n04356056_295.JPEG	0	9	60	59
n04356056_358.JPEG	19	5	34	11
n04356056_346.JPEG	5	22	47	35
n04356056_229.JPEG	8	0	63	35
n04356056_165.JPEG	45	13	63	26
n04356056_494.JPEG	0	21	22	32
n04356056_409.JPEG	1	24	55	46
n04356056_482.JPEG	0	9	63	63
n04356056_376.JPEG	26	4	45	10
n04356056_78.JPEG	12	22	54	37
n04356056_66.JPEG	0	17	43	48
n04356056_211.JPEG	4	23	63	52
n04356056_236.JPEG	10	8	57	39
n04356056_74.JPEG	0	2	63	51
n04356056_428.JPEG	21	16	49	25
n04356056_327.JPEG	34	25	47	30
n04356056_133.JPEG	19	0	43	9
n04356056_479.JPEG	5	16	63	34
n04356056_61.JPEG	0	7	63	58
n04356056_202.JPEG	28	26	43	32
n04356056_111.JPEG	41	23	63	32
n04356056_167.JPEG	0	5	63	58
n04356056_158.JPEG	20	17	42	31
n04356056_384.JPEG	28	3	45	9
n04356056_270.JPEG	0	22	63	50
n04356056_377.JPEG	16	24	43	40
n04356056_410.JPEG	6	0	55	23
n04356056_344.JPEG	25	0	34	1
n04356056_148.JPEG	6	10	63	59
n04356056_139.JPEG	2	9	47	39
n04356056_31.JPEG	1	13	20	23
n04356056_4.JPEG	11	13	54	26
n04356056_443.JPEG	5	1	39	29
n04356056_418.JPEG	15	12	63	33
n04356056_439.JPEG	0	6	63	52
n04356056_402.JPEG	5	0	63	55
n04356056_341.JPEG	0	17	63	53
n04356056_336.JPEG	20	33	55	47
n04356056_16.JPEG	5	24	40	37
n04356056_19.JPEG	31	0	39	0
n04356056_36.JPEG	27	12	63	30
n04356056_3.JPEG	27	3	63	32
n04356056_455.JPEG	11	12	63	44
n04356056_70.JPEG	28	17	44	22
n04356056_210.JPEG	36	26	56	35
n04356056_317.JPEG	18	17	51	32
n04356056_436.JPEG	56	3	61	5
n04356056_43.JPEG	11	35	63	58
n04356056_423.JPEG	13	20	63	46
n04356056_354.JPEG	28	20	48	28
n04356056_387.JPEG	18	2	43	10
n04356056_101.JPEG	23	27	51	41
n04356056_474.JPEG	3	7	57	30
n04356056_185.JPEG	51	15	63	20
n04356056_280.JPEG	24	25	49	40
n04356056_14.JPEG	47	30	60	35
n04356056_209.JPEG	57	33	63	40
n04356056_356.JPEG	19	28	40	33
n04356056_477.JPEG	14	17	43	27
n04356056_466.JPEG	42	20	62	30
n04356056_153.JPEG	24	16	55	30
n04356056_298.JPEG	14	18	31	24
n04356056_93.JPEG	16	24	52	40
n04356056_311.JPEG	11	25	21	28
n04356056_483.JPEG	24	12	56	28
n04356056_123.JPEG	35	16	63	25
n04356056_292.JPEG	0	10	58	45
n04356056_141.JPEG	0	1	62	62
n04356056_68.JPEG	7	24	53	40
n04356056_417.JPEG	1	8	13	21
n04356056_103.JPEG	12	12	26	22
n04356056_267.JPEG	29	9	63	35
n04356056_440.JPEG	31	14	43	20
n04356056_332.JPEG	7	27	47	39
n04356056_296.JPEG	24	19	41	27
n04356056_239.JPEG	18	19	53	32
n04356056_321.JPEG	12	12	41	28
n04356056_230.JPEG	0	0	63	39
n04356056_243.JPEG	0	12	42	30
n04356056_255.JPEG	12	21	48	43
n04356056_324.JPEG	0	23	63	56
n04356056_361.JPEG	17	23	41	29
n04356056_262.JPEG	13	14	63	63
n04356056_73.JPEG	10	35	63	59
n04356056_9.JPEG	60	5	63	57
n04356056_159.JPEG	15	22	63	43
n04356056_57.JPEG	8	13	17	16
n04356056_288.JPEG	0	17	63	53
n04356056_7.JPEG	0	14	52	61
n04356056_415.JPEG	29	0	38	2
n04356056_37.JPEG	8	17	63	41
n04356056_35.JPEG	29	30	63	40
n04356056_154.JPEG	1	26	14	31
n04356056_330.JPEG	33	15	52	22
n04356056_328.JPEG	8	0	30	9
n04356056_182.JPEG	0	11	63	53
n04356056_0.JPEG	30	24	52	34
n04356056_106.JPEG	5	24	55	42
n04356056_157.JPEG	1	0	44	29
n04356056_484.JPEG	0	22	63	46
n04356056_359.JPEG	38	6	59	12
n04356056_351.JPEG	5	9	37	23
n04356056_160.JPEG	38	25	56	34
n04356056_25.JPEG	0	2	63	54
n04356056_77.JPEG	11	9	27	16
n04356056_350.JPEG	18	0	47	27
n04356056_353.JPEG	42	20	63	31
n04356056_84.JPEG	0	7	63	47
n04356056_80.JPEG	0	7	22	50
n04356056_147.JPEG	18	1	35	7
n04356056_194.JPEG	13	24	34	33
n04356056_480.JPEG	9	11	63	63
n04356056_88.JPEG	33	15	43	21
n04356056_289.JPEG	15	7	31	14
n04356056_100.JPEG	16	12	48	31
n04356056_95.JPEG	23	5	63	35
n04356056_493.JPEG	25	9	34	15
n04356056_241.JPEG	9	14	63	45
n04356056_116.JPEG	0	19	10	25
n04356056_81.JPEG	12	24	47	56
n04356056_189.JPEG	0	4	63	51
n04356056_342.JPEG	0	17	63	46
n04356056_434.JPEG	0	9	63	58
n04356056_488.JPEG	20	18	39	26
n04356056_13.JPEG	23	18	63	31
n04356056_92.JPEG	13	15	32	23
n04356056_392.JPEG	8	6	56	31
n04356056_419.JPEG	22	17	41	23
n04356056_122.JPEG	16	2	63	44
n04356056_22.JPEG	0	2	63	60
n04356056_142.JPEG	29	0	41	5
n04356056_179.JPEG	34	21	49	31
n04356056_146.JPEG	0	19	63	48
n04356056_305.JPEG	0	15	63	53
n04356056_42.JPEG	22	6	36	12
n04356056_82.JPEG	0	13	63	50
n04356056_491.JPEG	35	9	47	19
n04356056_320.JPEG	31	14	48	21
n04356056_458.JPEG	0	3	63	63
n04356056_196.JPEG	32	25	46	30
n04356056_429.JPEG	11	19	53	44
n04356056_89.JPEG	0	4	46	62
n04356056_258.JPEG	42	0	63	14
n04356056_192.JPEG	30	3	46	15
n04356056_291.JPEG	9	0	63	7
n04356056_201.JPEG	26	25	59	39
n04356056_30.JPEG	0	1	63	57
n04356056_433.JPEG	0	8	42	31
n04356056_113.JPEG	28	0	41	0
n04356056_447.JPEG	0	39	42	60
n04356056_266.JPEG	0	9	63	58
n04356056_64.JPEG	32	21	56	34
n04356056_65.JPEG	0	1	39	22
n04356056_17.JPEG	5	16	24	22
n04356056_124.JPEG	12	20	52	35
n04356056_299.JPEG	30	1	61	36
n04356056_49.JPEG	8	47	20	63
n04356056_408.JPEG	5	5	63	31
n04356056_451.JPEG	5	23	55	38
n04356056_365.JPEG	0	21	63	53
n04356056_72.JPEG	0	9	63	56
n04356056_450.JPEG	0	17	63	60
n04356056_499.JPEG	0	12	63	63
n04356056_498.JPEG	0	15	52	42
n04356056_216.JPEG	14	14	43	26
n04356056_52.JPEG	12	25	48	38
n04356056_56.JPEG	34	0	42	4
n04356056_40.JPEG	0	0	63	29
n04356056_427.JPEG	31	12	62	52
n04356056_11.JPEG	14	16	59	39
n04356056_208.JPEG	10	19	58	37
n04356056_338.JPEG	19	8	54	18
n04356056_400.JPEG	50	12	63	25
n04356056_257.JPEG	24	21	59	33
n04356056_486.JPEG	3	13	34	31
n04356056_118.JPEG	2	4	63	42
n04356056_180.JPEG	31	3	63	28
n04356056_325.JPEG	0	5	63	38
n04356056_364.JPEG	11	12	28	20
n04356056_442.JPEG	30	14	37	18
n04356056_135.JPEG	0	23	58	45
n04356056_335.JPEG	25	37	63	57
n04356056_383.JPEG	30	26	33	27
n04356056_421.JPEG	25	21	55	32
n04356056_391.JPEG	0	10	63	46
n04356056_164.JPEG	0	21	59	44
n04356056_206.JPEG	8	13	63	38
n04356056_495.JPEG	0	7	63	63
n04356056_329.JPEG	20	21	41	28
n04356056_12.JPEG	14	27	35	36
n04356056_173.JPEG	27	0	43	6
n04356056_200.JPEG	13	25	54	39
n04356056_456.JPEG	9	8	63	45
n04356056_304.JPEG	1	31	46	51
n04356056_463.JPEG	14	28	37	35
n04356056_399.JPEG	1	0	63	63
n04356056_290.JPEG	25	6	32	9
n04356056_386.JPEG	20	20	43	30
val_7625.JPEG	0	21	63	46
val_4226.JPEG	21	17	53	27
val_3986.JPEG	0	0	63	44
val_6913.JPEG	0	0	54	60
val_4271.JPEG	16	0	63	18
val_1440.JPEG	13	7	38	17
val_3939.JPEG	31	17	63	35
val_452.JPEG	0	0	63	63
val_2841.JPEG	0	33	42	50
val_6852.JPEG	0	1	63	63
val_3976.JPEG	34	19	63	31
val_3622.JPEG	12	18	46	34
val_8381.JPEG	0	6	63	61
val_932.JPEG	15	27	40	38
val_7337.JPEG	14	29	50	44
val_9634.JPEG	18	29	53	44
val_4511.JPEG	11	6	63	40
val_5845.JPEG	21	27	49	42
val_283.JPEG	0	0	63	48
val_7615.JPEG	18	14	61	27
val_4535.JPEG	0	24	63	42
val_6699.JPEG	0	0	63	52
val_7978.JPEG	4	12	63	45
val_4570.JPEG	15	1	38	13
val_9652.JPEG	4	10	54	25
val_8846.JPEG	15	15	63	35
val_5302.JPEG	14	7	50	18
val_4193.JPEG	12	42	43	55
val_7129.JPEG	16	24	37	33
val_2587.JPEG	16	13	45	23
val_333.JPEG	16	23	39	53
val_6308.JPEG	28	6	53	27
val_3226.JPEG	0	0	63	61
val_4478.JPEG	40	35	45	37
val_6490.JPEG	25	29	34	35
