n02963159_33.JPEG	0	21	63	61
n02963159_288.JPEG	9	14	54	63
n02963159_431.JPEG	21	14	44	39
n02963159_464.JPEG	7	0	61	63
n02963159_463.JPEG	0	10	63	58
n02963159_420.JPEG	5	4	51	63
n02963159_114.JPEG	1	0	60	63
n02963159_424.JPEG	4	0	56	54
n02963159_64.JPEG	13	17	48	59
n02963159_331.JPEG	0	1	63	63
n02963159_302.JPEG	0	11	46	51
n02963159_325.JPEG	1	10	63	63
n02963159_296.JPEG	1	0	63	63
n02963159_224.JPEG	19	0	63	63
n02963159_146.JPEG	1	6	63	63
n02963159_49.JPEG	16	20	46	61
n02963159_352.JPEG	3	7	54	63
n02963159_462.JPEG	4	13	63	63
n02963159_61.JPEG	8	16	36	54
n02963159_317.JPEG	0	1	63	57
n02963159_132.JPEG	8	24	54	63
n02963159_208.JPEG	0	0	63	63
n02963159_338.JPEG	10	0	63	54
n02963159_340.JPEG	1	0	63	63
n02963159_408.JPEG	5	0	61	63
n02963159_487.JPEG	1	0	62	63
n02963159_308.JPEG	0	1	63	63
n02963159_397.JPEG	0	0	63	63
n02963159_415.JPEG	0	12	63	55
n02963159_34.JPEG	0	0	54	63
n02963159_365.JPEG	26	0	58	24
n02963159_124.JPEG	14	16	63	63
n02963159_289.JPEG	1	0	58	63
n02963159_63.JPEG	10	1	54	61
n02963159_128.JPEG	5	0	58	63
n02963159_370.JPEG	0	3	63	59
n02963159_387.JPEG	0	4	63	63
n02963159_48.JPEG	0	13	63	60
n02963159_327.JPEG	0	1	63	63
n02963159_90.JPEG	1	22	63	63
n02963159_388.JPEG	8	1	55	63
n02963159_316.JPEG	8	1	63	62
n02963159_84.JPEG	11	3	53	63
n02963159_11.JPEG	6	3	57	63
n02963159_475.JPEG	0	4	63	63
n02963159_134.JPEG	23	33	57	61
n02963159_445.JPEG	1	12	63	63
n02963159_427.JPEG	11	0	57	63
n02963159_371.JPEG	5	23	63	63
n02963159_385.JPEG	0	12	63	63
n02963159_448.JPEG	0	3	63	61
n02963159_139.JPEG	1	2	63	60
n02963159_177.JPEG	0	0	63	61
n02963159_188.JPEG	0	2	63	63
n02963159_183.JPEG	15	9	63	63
n02963159_430.JPEG	0	0	63	63
n02963159_5.JPEG	14	13	58	55
n02963159_4.JPEG	1	0	63	63
n02963159_364.JPEG	0	1	63	63
n02963159_79.JPEG	0	1	63	63
n02963159_203.JPEG	0	3	63	63
n02963159_179.JPEG	4	0	63	55
n02963159_355.JPEG	0	0	63	63
n02963159_375.JPEG	2	3	52	60
n02963159_231.JPEG	7	16	63	63
n02963159_223.JPEG	0	10	51	63
n02963159_19.JPEG	1	11	55	63
n02963159_389.JPEG	5	2	63	60
n02963159_32.JPEG	2	0	62	63
n02963159_330.JPEG	4	5	63	63
n02963159_405.JPEG	2	0	63	63
n02963159_201.JPEG	9	7	55	63
n02963159_292.JPEG	9	17	61	63
n02963159_412.JPEG	2	2	63	63
n02963159_421.JPEG	14	19	44	57
n02963159_447.JPEG	0	3	63	57
n02963159_309.JPEG	0	0	63	63
n02963159_441.JPEG	0	0	63	63
n02963159_81.JPEG	1	1	59	59
n02963159_270.JPEG	14	0	47	36
n02963159_376.JPEG	2	14	60	63
n02963159_304.JPEG	0	4	63	63
n02963159_204.JPEG	11	6	53	60
n02963159_118.JPEG	7	2	56	63
n02963159_357.JPEG	0	0	63	63
n02963159_318.JPEG	0	1	63	63
n02963159_280.JPEG	0	0	63	63
n02963159_483.JPEG	7	16	55	63
n02963159_10.JPEG	26	10	55	63
n02963159_367.JPEG	2	0	62	63
n02963159_496.JPEG	0	6	63	60
n02963159_187.JPEG	0	18	63	49
n02963159_457.JPEG	9	0	63	63
n02963159_252.JPEG	0	0	63	63
n02963159_392.JPEG	26	19	55	63
n02963159_70.JPEG	10	11	55	57
n02963159_211.JPEG	8	0	57	63
n02963159_175.JPEG	0	5	63	59
n02963159_329.JPEG	8	1	61	63
n02963159_262.JPEG	1	0	52	63
n02963159_103.JPEG	6	5	56	58
n02963159_87.JPEG	11	11	51	57
n02963159_437.JPEG	6	17	58	63
n02963159_76.JPEG	17	0	63	63
n02963159_35.JPEG	0	1	63	63
n02963159_185.JPEG	0	3	63	60
n02963159_396.JPEG	10	25	44	63
n02963159_470.JPEG	0	0	63	63
n02963159_320.JPEG	10	32	47	63
n02963159_268.JPEG	0	0	63	63
n02963159_230.JPEG	9	1	54	56
n02963159_342.JPEG	4	0	63	61
n02963159_449.JPEG	2	15	63	63
n02963159_482.JPEG	7	2	55	63
n02963159_444.JPEG	4	7	52	63
n02963159_498.JPEG	0	3	63	63
n02963159_155.JPEG	20	5	63	59
n02963159_332.JPEG	0	17	63	51
n02963159_489.JPEG	14	0	59	56
n02963159_285.JPEG	5	1	63	58
n02963159_95.JPEG	20	12	57	63
n02963159_40.JPEG	0	0	63	63
n02963159_117.JPEG	0	2	63	63
n02963159_215.JPEG	0	0	63	58
n02963159_94.JPEG	5	11	43	41
n02963159_150.JPEG	0	0	63	63
n02963159_284.JPEG	0	0	63	63
n02963159_161.JPEG	0	9	63	62
n02963159_50.JPEG	12	10	53	63
n02963159_239.JPEG	5	0	63	57
n02963159_315.JPEG	9	0	63	63
n02963159_229.JPEG	0	0	63	63
n02963159_243.JPEG	11	10	63	62
n02963159_131.JPEG	0	8	63	63
n02963159_3.JPEG	0	11	63	63
n02963159_172.JPEG	0	5	63	61
n02963159_209.JPEG	16	25	52	63
n02963159_479.JPEG	5	15	54	63
n02963159_1.JPEG	0	1	63	63
n02963159_14.JPEG	4	0	59	63
n02963159_16.JPEG	0	0	63	63
n02963159_453.JPEG	0	15	63	58
n02963159_159.JPEG	13	23	52	63
n02963159_157.JPEG	1	0	63	63
n02963159_450.JPEG	0	31	63	63
n02963159_328.JPEG	0	1	63	63
n02963159_460.JPEG	7	0	63	63
n02963159_459.JPEG	15	15	56	63
n02963159_260.JPEG	20	30	51	63
n02963159_440.JPEG	10	0	45	28
n02963159_37.JPEG	0	2	63	62
n02963159_269.JPEG	10	17	51	63
n02963159_219.JPEG	4	4	63	58
n02963159_97.JPEG	0	7	63	61
n02963159_348.JPEG	4	29	63	63
n02963159_234.JPEG	0	0	63	63
n02963159_12.JPEG	0	1	63	63
n02963159_123.JPEG	0	1	63	58
n02963159_438.JPEG	0	8	63	63
n02963159_273.JPEG	2	13	62	63
n02963159_113.JPEG	2	0	62	63
n02963159_53.JPEG	0	7	46	63
n02963159_142.JPEG	1	11	60	54
n02963159_171.JPEG	0	8	47	61
n02963159_112.JPEG	2	0	63	63
n02963159_108.JPEG	0	0	63	63
n02963159_423.JPEG	8	13	53	58
n02963159_130.JPEG	0	1	63	63
n02963159_181.JPEG	0	2	63	63
n02963159_322.JPEG	0	12	63	61
n02963159_36.JPEG	0	0	63	63
n02963159_88.JPEG	0	3	50	63
n02963159_400.JPEG	0	10	63	49
n02963159_311.JPEG	0	9	63	59
n02963159_391.JPEG	0	1	63	63
n02963159_47.JPEG	12	15	57	52
n02963159_279.JPEG	8	3	61	63
n02963159_267.JPEG	8	3	57	41
n02963159_152.JPEG	21	1	51	63
n02963159_360.JPEG	6	10	45	45
n02963159_443.JPEG	20	2	51	47
n02963159_162.JPEG	2	16	63	63
n02963159_312.JPEG	0	21	63	61
n02963159_156.JPEG	8	14	50	63
n02963159_295.JPEG	0	6	63	58
n02963159_403.JPEG	14	0	59	63
n02963159_100.JPEG	0	2	63	62
n02963159_86.JPEG	0	3	63	61
n02963159_56.JPEG	0	1	63	63
n02963159_192.JPEG	11	10	49	55
n02963159_341.JPEG	7	9	63	63
n02963159_347.JPEG	0	4	63	60
n02963159_160.JPEG	6	8	56	63
n02963159_106.JPEG	0	23	62	63
n02963159_422.JPEG	24	16	59	53
n02963159_264.JPEG	0	4	38	63
n02963159_193.JPEG	0	9	63	57
n02963159_378.JPEG	0	24	40	63
n02963159_404.JPEG	0	3	63	51
n02963159_345.JPEG	8	16	63	63
n02963159_306.JPEG	14	0	53	56
n02963159_283.JPEG	10	4	58	63
n02963159_236.JPEG	1	0	59	61
n02963159_298.JPEG	6	0	62	63
n02963159_380.JPEG	0	4	63	57
n02963159_426.JPEG	0	1	60	63
n02963159_96.JPEG	0	9	63	55
n02963159_145.JPEG	10	11	61	52
n02963159_353.JPEG	2	1	63	63
n02963159_151.JPEG	18	18	60	57
n02963159_326.JPEG	1	0	63	63
n02963159_69.JPEG	12	13	49	63
n02963159_148.JPEG	16	6	57	63
n02963159_494.JPEG	11	19	57	63
n02963159_245.JPEG	0	0	63	63
n02963159_202.JPEG	16	9	60	59
n02963159_206.JPEG	6	12	59	63
n02963159_303.JPEG	0	0	43	63
n02963159_164.JPEG	0	6	63	63
n02963159_28.JPEG	8	0	63	63
n02963159_436.JPEG	0	24	33	63
n02963159_417.JPEG	7	0	63	59
n02963159_488.JPEG	0	12	63	63
n02963159_383.JPEG	0	3	63	63
n02963159_407.JPEG	0	0	63	62
n02963159_480.JPEG	0	2	63	60
n02963159_75.JPEG	1	0	63	63
n02963159_314.JPEG	0	1	60	60
n02963159_176.JPEG	0	8	63	59
n02963159_366.JPEG	0	0	63	63
n02963159_439.JPEG	3	0	55	52
n02963159_138.JPEG	4	4	63	58
n02963159_486.JPEG	0	0	63	63
n02963159_454.JPEG	0	0	63	60
n02963159_434.JPEG	0	0	63	63
n02963159_333.JPEG	0	1	63	63
n02963159_481.JPEG	7	0	63	63
n02963159_291.JPEG	0	2	63	63
n02963159_255.JPEG	0	6	63	58
n02963159_110.JPEG	0	0	63	63
n02963159_266.JPEG	2	6	62	63
n02963159_354.JPEG	16	21	60	63
n02963159_265.JPEG	0	0	63	63
n02963159_398.JPEG	0	0	61	63
n02963159_249.JPEG	9	21	49	54
n02963159_165.JPEG	9	5	58	63
n02963159_474.JPEG	6	12	58	63
n02963159_190.JPEG	7	1	53	62
n02963159_154.JPEG	0	2	63	63
n02963159_45.JPEG	0	1	63	61
n02963159_98.JPEG	40	33	63	63
n02963159_72.JPEG	1	0	53	63
n02963159_379.JPEG	0	2	63	56
n02963159_29.JPEG	7	4	53	57
n02963159_126.JPEG	0	3	63	63
n02963159_485.JPEG	0	17	36	63
n02963159_492.JPEG	0	4	63	63
n02963159_258.JPEG	9	11	63	63
n02963159_210.JPEG	5	1	57	63
n02963159_51.JPEG	13	0	63	63
n02963159_8.JPEG	11	6	52	55
n02963159_74.JPEG	2	0	61	63
n02963159_207.JPEG	6	1	59	63
n02963159_62.JPEG	0	10	63	57
n02963159_238.JPEG	2	0	55	63
n02963159_386.JPEG	4	9	63	62
n02963159_191.JPEG	7	11	53	63
n02963159_149.JPEG	0	5	63	60
n02963159_73.JPEG	13	10	54	60
n02963159_43.JPEG	2	2	54	52
n02963159_300.JPEG	0	7	63	61
n02963159_89.JPEG	6	6	63	63
n02963159_495.JPEG	0	0	57	56
n02963159_136.JPEG	27	0	61	28
n02963159_120.JPEG	0	4	63	60
n02963159_85.JPEG	23	6	42	28
n02963159_232.JPEG	13	17	60	63
n02963159_166.JPEG	19	0	60	53
n02963159_305.JPEG	1	6	62	63
n02963159_254.JPEG	14	5	60	59
n02963159_497.JPEG	3	0	55	56
n02963159_78.JPEG	3	0	59	63
n02963159_368.JPEG	4	0	51	63
n02963159_184.JPEG	1	19	56	63
n02963159_24.JPEG	16	8	50	38
n02963159_344.JPEG	3	0	62	63
n02963159_92.JPEG	0	1	63	63
n02963159_186.JPEG	21	18	55	63
n02963159_349.JPEG	0	7	63	57
n02963159_116.JPEG	0	7	63	63
n02963159_195.JPEG	5	8	43	58
n02963159_372.JPEG	0	0	63	63
n02963159_228.JPEG	0	0	63	63
n02963159_242.JPEG	4	12	63	63
n02963159_133.JPEG	0	4	63	63
n02963159_80.JPEG	0	1	52	59
n02963159_301.JPEG	21	0	53	49
n02963159_125.JPEG	0	1	63	63
n02963159_115.JPEG	5	0	61	63
n02963159_493.JPEG	0	5	57	60
n02963159_335.JPEG	13	1	63	63
n02963159_425.JPEG	0	0	63	63
n02963159_356.JPEG	0	0	63	63
n02963159_140.JPEG	5	6	59	63
n02963159_59.JPEG	5	7	59	63
n02963159_478.JPEG	6	13	57	63
n02963159_409.JPEG	0	0	52	63
n02963159_251.JPEG	0	1	63	63
n02963159_418.JPEG	0	3	63	57
n02963159_214.JPEG	24	9	56	41
n02963159_199.JPEG	0	3	63	63
n02963159_127.JPEG	11	14	63	63
n02963159_401.JPEG	3	0	63	63
n02963159_137.JPEG	22	19	39	40
n02963159_402.JPEG	13	29	60	63
n02963159_83.JPEG	0	1	63	63
n02963159_256.JPEG	3	3	63	61
n02963159_428.JPEG	3	14	63	63
n02963159_468.JPEG	9	5	54	63
n02963159_39.JPEG	5	16	55	52
n02963159_227.JPEG	12	16	56	63
n02963159_467.JPEG	22	3	63	63
n02963159_46.JPEG	2	0	54	62
n02963159_153.JPEG	2	0	63	57
n02963159_41.JPEG	0	0	63	63
n02963159_381.JPEG	0	0	60	63
n02963159_363.JPEG	3	0	59	62
n02963159_168.JPEG	24	5	59	36
n02963159_313.JPEG	18	9	42	45
n02963159_319.JPEG	11	0	46	63
n02963159_429.JPEG	13	15	59	54
n02963159_277.JPEG	0	0	63	63
n02963159_129.JPEG	0	5	63	60
n02963159_101.JPEG	0	16	63	63
n02963159_281.JPEG	0	0	51	52
n02963159_102.JPEG	17	5	62	63
n02963159_169.JPEG	6	22	49	63
n02963159_15.JPEG	0	1	63	63
n02963159_222.JPEG	1	0	63	63
n02963159_334.JPEG	0	4	63	63
n02963159_111.JPEG	0	1	63	61
n02963159_104.JPEG	17	0	58	37
n02963159_44.JPEG	5	19	62	63
n02963159_286.JPEG	0	0	63	63
n02963159_21.JPEG	0	1	63	58
n02963159_218.JPEG	0	4	63	63
n02963159_221.JPEG	4	0	63	63
n02963159_410.JPEG	14	9	48	52
n02963159_394.JPEG	13	0	48	41
n02963159_17.JPEG	17	16	49	58
val_2018.JPEG	12	9	59	63
val_6381.JPEG	0	11	63	56
val_5844.JPEG	6	1	54	63
val_8438.JPEG	0	0	54	57
val_2598.JPEG	5	16	58	63
val_7110.JPEG	10	0	61	58
val_5611.JPEG	0	7	63	63
val_3915.JPEG	7	15	52	63
val_2357.JPEG	0	19	56	63
val_5702.JPEG	6	4	63	63
val_795.JPEG	14	21	50	63
val_4506.JPEG	7	0	55	63
val_9861.JPEG	3	18	55	63
val_703.JPEG	8	11	56	63
val_2184.JPEG	5	8	59	63
val_9976.JPEG	0	0	63	63
val_4157.JPEG	0	1	63	63
val_2291.JPEG	0	3	63	60
val_4573.JPEG	3	0	63	63
val_5470.JPEG	0	7	63	63
val_4755.JPEG	6	11	58	63
val_5743.JPEG	8	0	49	42
val_9547.JPEG	0	1	63	63
val_4425.JPEG	0	3	63	62
val_8018.JPEG	15	9	44	55
val_6827.JPEG	7	3	61	60
val_9608.JPEG	0	2	63	63
val_8222.JPEG	15	18	52	63
val_6873.JPEG	2	0	62	63
val_7423.JPEG	10	1	52	63
val_1847.JPEG	24	26	63	63
val_7777.JPEG	0	0	61	63
val_2374.JPEG	2	0	63	63
val_3841.JPEG	0	1	63	63
val_9541.JPEG	9	0	57	63
