n04596742_101.JPEG	0	0	63	63
n04596742_391.JPEG	0	8	63	61
n04596742_46.JPEG	15	34	32	43
n04596742_167.JPEG	0	0	63	63
n04596742_366.JPEG	0	0	63	56
n04596742_356.JPEG	5	8	62	63
n04596742_376.JPEG	0	4	63	49
n04596742_226.JPEG	23	22	54	44
n04596742_410.JPEG	0	0	63	63
n04596742_239.JPEG	0	0	63	63
n04596742_134.JPEG	0	14	63	63
n04596742_129.JPEG	0	12	43	43
n04596742_56.JPEG	3	42	45	57
n04596742_240.JPEG	10	24	63	49
n04596742_169.JPEG	24	25	63	63
n04596742_274.JPEG	0	5	63	63
n04596742_280.JPEG	0	2	63	60
n04596742_455.JPEG	49	16	63	38
n04596742_204.JPEG	0	0	63	63
n04596742_345.JPEG	2	0	47	63
n04596742_17.JPEG	0	2	63	63
n04596742_311.JPEG	0	5	63	63
n04596742_244.JPEG	3	28	63	63
n04596742_387.JPEG	22	37	52	49
n04596742_142.JPEG	0	52	42	63
n04596742_488.JPEG	0	0	63	63
n04596742_177.JPEG	29	9	63	58
n04596742_251.JPEG	0	51	43	63
n04596742_279.JPEG	0	0	58	50
n04596742_383.JPEG	0	0	63	56
n04596742_401.JPEG	0	0	63	63
n04596742_483.JPEG	4	0	60	63
n04596742_272.JPEG	9	33	29	40
n04596742_480.JPEG	0	25	63	59
n04596742_456.JPEG	0	0	63	62
n04596742_452.JPEG	0	0	63	24
n04596742_307.JPEG	0	0	63	63
n04596742_310.JPEG	25	38	50	46
n04596742_63.JPEG	0	1	63	63
n04596742_499.JPEG	33	5	62	27
n04596742_45.JPEG	8	19	54	37
n04596742_131.JPEG	0	1	63	63
n04596742_150.JPEG	1	0	63	54
n04596742_40.JPEG	0	24	30	63
n04596742_412.JPEG	14	20	52	46
n04596742_233.JPEG	0	15	56	63
n04596742_248.JPEG	0	6	63	53
n04596742_465.JPEG	0	13	63	61
n04596742_12.JPEG	0	0	63	63
n04596742_66.JPEG	0	0	63	63
n04596742_365.JPEG	2	9	63	63
n04596742_39.JPEG	1	0	63	58
n04596742_113.JPEG	21	25	54	43
n04596742_202.JPEG	0	12	63	63
n04596742_199.JPEG	0	11	63	63
n04596742_51.JPEG	0	6	63	63
n04596742_220.JPEG	0	1	63	63
n04596742_463.JPEG	0	0	63	63
n04596742_96.JPEG	0	1	63	63
n04596742_161.JPEG	23	45	56	57
n04596742_189.JPEG	0	16	63	53
n04596742_381.JPEG	10	52	58	63
n04596742_214.JPEG	0	32	58	63
n04596742_289.JPEG	0	17	63	39
n04596742_36.JPEG	11	30	40	42
n04596742_319.JPEG	0	1	63	63
n04596742_432.JPEG	0	2	63	59
n04596742_359.JPEG	0	4	63	62
n04596742_324.JPEG	0	40	52	59
n04596742_277.JPEG	1	24	63	48
n04596742_67.JPEG	0	10	59	55
n04596742_433.JPEG	0	4	63	63
n04596742_5.JPEG	0	3	63	63
n04596742_103.JPEG	2	48	31	63
n04596742_362.JPEG	13	19	63	55
n04596742_302.JPEG	26	27	53	42
n04596742_282.JPEG	0	8	63	63
n04596742_80.JPEG	4	29	63	63
n04596742_100.JPEG	0	18	63	58
n04596742_341.JPEG	0	0	63	63
n04596742_382.JPEG	7	6	63	57
n04596742_414.JPEG	6	4	63	63
n04596742_24.JPEG	26	56	53	63
n04596742_425.JPEG	2	13	61	57
n04596742_354.JPEG	2	4	59	56
n04596742_215.JPEG	17	15	37	54
n04596742_364.JPEG	8	13	60	45
n04596742_482.JPEG	0	6	63	54
n04596742_339.JPEG	0	14	59	54
n04596742_392.JPEG	2	22	59	58
n04596742_38.JPEG	0	0	63	63
n04596742_389.JPEG	0	16	44	57
n04596742_6.JPEG	0	11	35	29
n04596742_93.JPEG	0	1	63	63
n04596742_438.JPEG	0	4	63	63
n04596742_112.JPEG	0	4	63	56
n04596742_487.JPEG	0	30	52	60
n04596742_496.JPEG	0	13	63	55
n04596742_88.JPEG	0	1	63	61
n04596742_1.JPEG	0	0	63	63
n04596742_288.JPEG	0	12	63	61
n04596742_453.JPEG	0	7	63	54
n04596742_123.JPEG	0	13	56	51
n04596742_329.JPEG	29	0	60	27
n04596742_14.JPEG	0	0	63	63
n04596742_168.JPEG	26	31	43	46
n04596742_403.JPEG	40	37	63	60
n04596742_83.JPEG	2	28	61	60
n04596742_144.JPEG	0	11	63	56
n04596742_124.JPEG	9	28	55	57
n04596742_50.JPEG	8	12	63	63
n04596742_493.JPEG	19	20	63	63
n04596742_259.JPEG	0	1	63	63
n04596742_205.JPEG	0	15	63	46
n04596742_317.JPEG	0	1	63	62
n04596742_32.JPEG	0	1	63	63
n04596742_137.JPEG	1	11	63	47
n04596742_469.JPEG	0	3	63	63
n04596742_342.JPEG	0	1	63	63
n04596742_334.JPEG	10	39	55	63
n04596742_197.JPEG	0	1	63	63
n04596742_318.JPEG	0	33	47	53
n04596742_498.JPEG	0	22	59	58
n04596742_308.JPEG	0	9	63	52
n04596742_399.JPEG	0	1	63	63
n04596742_68.JPEG	0	1	43	44
n04596742_34.JPEG	0	1	63	63
n04596742_147.JPEG	0	1	63	62
n04596742_191.JPEG	0	1	63	63
n04596742_462.JPEG	0	22	63	63
n04596742_116.JPEG	19	23	45	52
n04596742_55.JPEG	0	1	63	63
n04596742_278.JPEG	0	0	63	63
n04596742_230.JPEG	6	24	15	47
n04596742_261.JPEG	0	0	63	63
n04596742_162.JPEG	0	1	63	63
n04596742_203.JPEG	0	1	63	63
n04596742_164.JPEG	0	9	63	63
n04596742_95.JPEG	0	23	63	63
n04596742_151.JPEG	0	16	63	63
n04596742_99.JPEG	0	5	63	63
n04596742_265.JPEG	0	9	29	41
n04596742_186.JPEG	0	0	63	63
n04596742_255.JPEG	0	6	63	54
n04596742_300.JPEG	0	14	61	57
n04596742_379.JPEG	0	52	56	63
n04596742_121.JPEG	0	26	63	51
n04596742_58.JPEG	0	7	63	63
n04596742_114.JPEG	0	1	63	63
n04596742_158.JPEG	0	5	63	58
n04596742_166.JPEG	0	6	63	59
n04596742_437.JPEG	1	0	63	63
n04596742_447.JPEG	5	14	59	49
n04596742_304.JPEG	0	0	63	63
n04596742_109.JPEG	0	1	63	49
n04596742_172.JPEG	0	0	63	63
n04596742_43.JPEG	0	1	63	63
n04596742_76.JPEG	0	18	63	63
n04596742_82.JPEG	10	0	63	34
n04596742_262.JPEG	0	0	63	63
n04596742_298.JPEG	0	1	63	58
n04596742_287.JPEG	0	1	63	63
n04596742_250.JPEG	0	9	63	58
n04596742_0.JPEG	17	44	59	63
n04596742_153.JPEG	0	51	13	60
n04596742_61.JPEG	0	0	63	60
n04596742_393.JPEG	0	0	63	62
n04596742_211.JPEG	0	7	63	63
n04596742_227.JPEG	0	41	57	62
n04596742_479.JPEG	0	7	63	63
n04596742_62.JPEG	0	1	63	63
n04596742_70.JPEG	2	19	63	52
n04596742_286.JPEG	0	3	55	41
n04596742_71.JPEG	0	1	63	62
n04596742_130.JPEG	31	55	57	63
n04596742_3.JPEG	1	21	54	45
n04596742_284.JPEG	6	31	60	54
n04596742_400.JPEG	0	6	63	55
n04596742_135.JPEG	2	11	63	63
n04596742_478.JPEG	0	3	63	56
n04596742_228.JPEG	0	1	63	63
n04596742_299.JPEG	26	7	55	44
n04596742_179.JPEG	0	8	63	42
n04596742_238.JPEG	9	0	61	63
n04596742_321.JPEG	0	23	63	63
n04596742_195.JPEG	0	7	63	58
n04596742_222.JPEG	0	10	63	52
n04596742_486.JPEG	0	2	63	63
n04596742_285.JPEG	0	22	63	40
n04596742_258.JPEG	6	16	63	52
n04596742_252.JPEG	13	4	57	38
n04596742_64.JPEG	3	1	61	61
n04596742_260.JPEG	0	30	63	57
n04596742_20.JPEG	0	2	63	61
n04596742_104.JPEG	0	42	37	52
n04596742_398.JPEG	0	2	63	56
n04596742_8.JPEG	4	23	63	63
n04596742_458.JPEG	33	40	63	54
n04596742_303.JPEG	0	10	63	63
n04596742_290.JPEG	0	3	63	61
n04596742_47.JPEG	27	38	49	43
n04596742_417.JPEG	0	0	63	63
n04596742_91.JPEG	0	25	50	63
n04596742_291.JPEG	0	0	63	63
n04596742_326.JPEG	0	4	63	63
n04596742_459.JPEG	1	0	63	58
n04596742_241.JPEG	0	0	63	63
n04596742_206.JPEG	10	51	52	63
n04596742_217.JPEG	0	14	63	60
n04596742_60.JPEG	0	9	63	56
n04596742_185.JPEG	14	32	53	55
n04596742_388.JPEG	0	0	63	63
n04596742_377.JPEG	0	0	63	63
n04596742_330.JPEG	0	10	63	57
n04596742_111.JPEG	0	1	63	63
n04596742_449.JPEG	0	5	63	63
n04596742_184.JPEG	5	25	60	47
n04596742_229.JPEG	0	26	54	49
n04596742_450.JPEG	0	7	63	48
n04596742_349.JPEG	0	8	63	63
n04596742_69.JPEG	0	35	63	61
n04596742_89.JPEG	0	10	63	56
n04596742_84.JPEG	0	0	63	63
n04596742_460.JPEG	0	1	63	63
n04596742_165.JPEG	0	13	63	42
n04596742_340.JPEG	0	5	63	63
n04596742_481.JPEG	0	0	63	63
n04596742_108.JPEG	0	4	63	61
n04596742_128.JPEG	0	1	63	63
n04596742_457.JPEG	30	39	47	45
n04596742_193.JPEG	0	0	63	51
n04596742_86.JPEG	5	40	34	58
n04596742_141.JPEG	0	8	63	63
n04596742_464.JPEG	0	1	63	63
n04596742_361.JPEG	0	35	51	57
n04596742_170.JPEG	0	22	52	54
n04596742_94.JPEG	6	40	50	59
n04596742_181.JPEG	24	52	48	63
n04596742_275.JPEG	0	0	63	63
n04596742_296.JPEG	0	0	63	54
n04596742_411.JPEG	5	54	46	63
n04596742_77.JPEG	43	33	56	45
n04596742_446.JPEG	12	46	55	63
n04596742_182.JPEG	0	0	63	59
n04596742_42.JPEG	0	14	48	57
n04596742_25.JPEG	0	1	63	63
n04596742_322.JPEG	0	4	48	50
n04596742_484.JPEG	0	24	63	57
n04596742_264.JPEG	0	8	63	59
n04596742_246.JPEG	0	0	63	63
n04596742_16.JPEG	0	10	63	61
n04596742_350.JPEG	0	0	63	54
n04596742_475.JPEG	5	12	60	62
n04596742_209.JPEG	2	13	63	61
n04596742_28.JPEG	13	40	52	63
n04596742_11.JPEG	35	11	63	42
n04596742_148.JPEG	0	34	63	63
n04596742_468.JPEG	0	12	63	56
n04596742_29.JPEG	1	13	63	63
n04596742_48.JPEG	1	12	63	42
n04596742_327.JPEG	0	33	63	60
n04596742_371.JPEG	16	6	62	26
n04596742_331.JPEG	0	0	63	63
n04596742_323.JPEG	9	46	29	60
n04596742_439.JPEG	6	18	63	51
n04596742_198.JPEG	0	5	63	63
n04596742_15.JPEG	0	1	63	63
n04596742_267.JPEG	5	15	63	31
n04596742_145.JPEG	0	14	63	54
n04596742_273.JPEG	12	40	58	63
n04596742_35.JPEG	0	4	63	63
n04596742_301.JPEG	10	23	55	63
n04596742_37.JPEG	0	0	63	60
n04596742_497.JPEG	31	11	63	63
n04596742_448.JPEG	0	3	32	21
n04596742_81.JPEG	0	0	63	63
n04596742_19.JPEG	0	40	47	62
n04596742_404.JPEG	5	11	38	38
n04596742_420.JPEG	0	24	63	54
n04596742_467.JPEG	6	15	55	47
n04596742_200.JPEG	0	0	63	63
n04596742_212.JPEG	0	4	63	51
n04596742_201.JPEG	0	0	63	63
n04596742_485.JPEG	0	15	62	62
n04596742_78.JPEG	27	34	59	48
n04596742_242.JPEG	0	0	63	63
n04596742_219.JPEG	0	6	63	56
n04596742_443.JPEG	0	9	63	63
n04596742_176.JPEG	0	10	34	49
n04596742_73.JPEG	41	48	62	61
n04596742_10.JPEG	0	33	43	54
n04596742_110.JPEG	0	0	34	28
n04596742_405.JPEG	1	30	63	63
n04596742_390.JPEG	18	42	43	63
n04596742_445.JPEG	0	0	63	63
n04596742_396.JPEG	2	7	63	53
n04596742_470.JPEG	0	1	63	63
n04596742_13.JPEG	0	18	63	58
n04596742_138.JPEG	0	0	63	63
n04596742_216.JPEG	0	8	63	53
n04596742_495.JPEG	28	53	59	63
n04596742_315.JPEG	10	19	63	54
n04596742_117.JPEG	0	1	63	56
n04596742_122.JPEG	11	0	63	63
n04596742_196.JPEG	0	1	63	63
n04596742_26.JPEG	43	36	63	56
n04596742_237.JPEG	0	16	59	63
n04596742_27.JPEG	19	45	61	61
n04596742_397.JPEG	0	0	63	63
n04596742_370.JPEG	0	0	63	63
n04596742_119.JPEG	0	20	27	52
n04596742_314.JPEG	0	0	63	63
n04596742_4.JPEG	0	0	63	63
n04596742_146.JPEG	5	1	63	31
n04596742_402.JPEG	0	3	63	63
n04596742_218.JPEG	6	25	43	43
n04596742_335.JPEG	0	3	63	60
n04596742_87.JPEG	0	0	63	63
n04596742_53.JPEG	1	6	63	63
n04596742_442.JPEG	0	0	63	52
n04596742_477.JPEG	0	9	63	63
n04596742_225.JPEG	0	0	61	40
n04596742_118.JPEG	0	0	63	63
n04596742_245.JPEG	0	2	63	56
n04596742_106.JPEG	9	17	63	41
n04596742_23.JPEG	0	2	63	63
n04596742_476.JPEG	0	19	63	63
n04596742_210.JPEG	12	28	52	44
n04596742_97.JPEG	0	1	63	63
n04596742_333.JPEG	16	53	52	63
n04596742_263.JPEG	0	18	63	60
n04596742_309.JPEG	0	21	63	57
n04596742_424.JPEG	0	0	63	63
n04596742_490.JPEG	0	0	63	40
n04596742_338.JPEG	0	4	50	51
n04596742_249.JPEG	4	18	57	50
n04596742_427.JPEG	0	0	63	63
n04596742_163.JPEG	0	18	63	63
n04596742_454.JPEG	0	12	63	58
n04596742_292.JPEG	5	24	63	63
n04596742_423.JPEG	16	39	49	59
n04596742_367.JPEG	14	21	63	60
n04596742_59.JPEG	0	12	63	49
n04596742_22.JPEG	0	15	63	56
n04596742_132.JPEG	0	3	63	63
n04596742_343.JPEG	0	2	63	49
n04596742_269.JPEG	0	32	63	63
n04596742_9.JPEG	0	1	63	54
n04596742_156.JPEG	0	1	60	53
n04596742_316.JPEG	0	7	63	60
val_2266.JPEG	0	1	63	63
val_6925.JPEG	0	1	63	63
val_7329.JPEG	0	1	63	63
val_5687.JPEG	0	21	63	57
val_7052.JPEG	0	19	63	59
val_1133.JPEG	0	0	63	31
val_6398.JPEG	7	0	63	46
val_2299.JPEG	0	9	63	58
val_2468.JPEG	0	0	63	63
val_4059.JPEG	0	22	62	46
val_8691.JPEG	0	24	63	60
val_8159.JPEG	0	1	63	61
val_8867.JPEG	0	8	63	63
val_2154.JPEG	0	0	63	63
val_8793.JPEG	2	25	63	62
val_3577.JPEG	0	0	63	63
val_6972.JPEG	2	11	63	63
val_8762.JPEG	0	17	53	42
val_4179.JPEG	0	0	63	63
val_9685.JPEG	5	39	47	58
val_5573.JPEG	0	3	63	63
val_2826.JPEG	11	51	40	62
val_2907.JPEG	6	4	63	63
val_3562.JPEG	0	17	63	53
val_5465.JPEG	0	0	63	63
val_3292.JPEG	1	2	63	63
val_2441.JPEG	0	12	63	63
val_8653.JPEG	0	1	63	47
val_7946.JPEG	0	17	63	57
val_8907.JPEG	0	6	63	61
val_4869.JPEG	0	1	63	63
val_4968.JPEG	0	2	63	63
val_2140.JPEG	0	3	58	63
val_4952.JPEG	0	0	63	62
val_9692.JPEG	0	0	63	63
