n02927161_259.JPEG	0	0	63	63
n02927161_132.JPEG	0	17	63	63
n02927161_40.JPEG	0	0	63	63
n02927161_98.JPEG	0	0	63	63
n02927161_252.JPEG	0	0	63	63
n02927161_397.JPEG	11	0	63	63
n02927161_268.JPEG	0	0	63	63
n02927161_8.JPEG	13	0	54	63
n02927161_296.JPEG	0	0	63	63
n02927161_53.JPEG	1	0	63	63
n02927161_195.JPEG	21	0	63	63
n02927161_141.JPEG	0	15	63	63
n02927161_75.JPEG	0	12	6	23
n02927161_301.JPEG	1	0	63	63
n02927161_436.JPEG	0	0	63	63
n02927161_219.JPEG	0	1	63	63
n02927161_224.JPEG	0	1	63	28
n02927161_364.JPEG	0	1	63	63
n02927161_108.JPEG	0	1	63	63
n02927161_96.JPEG	0	1	63	63
n02927161_32.JPEG	0	4	63	63
n02927161_330.JPEG	0	0	53	52
n02927161_209.JPEG	0	0	63	63
n02927161_365.JPEG	0	0	63	63
n02927161_172.JPEG	1	0	63	61
n02927161_198.JPEG	0	1	63	63
n02927161_392.JPEG	0	0	63	63
n02927161_373.JPEG	0	0	63	58
n02927161_215.JPEG	0	1	63	63
n02927161_496.JPEG	1	0	63	63
n02927161_167.JPEG	0	25	63	63
n02927161_169.JPEG	0	0	63	63
n02927161_270.JPEG	0	1	63	63
n02927161_147.JPEG	0	10	37	39
n02927161_60.JPEG	0	0	63	63
n02927161_406.JPEG	0	0	63	63
n02927161_170.JPEG	9	1	63	51
n02927161_117.JPEG	0	0	63	63
n02927161_20.JPEG	0	1	63	63
n02927161_17.JPEG	0	0	63	63
n02927161_395.JPEG	0	0	63	63
n02927161_78.JPEG	0	0	63	63
n02927161_18.JPEG	0	0	63	63
n02927161_50.JPEG	1	0	63	63
n02927161_7.JPEG	0	0	63	61
n02927161_288.JPEG	0	1	63	63
n02927161_412.JPEG	0	0	63	63
n02927161_1.JPEG	0	0	63	63
n02927161_261.JPEG	8	9	63	51
n02927161_33.JPEG	0	0	63	63
n02927161_74.JPEG	0	1	63	63
n02927161_452.JPEG	0	0	63	63
n02927161_486.JPEG	0	1	63	63
n02927161_226.JPEG	0	0	63	63
n02927161_52.JPEG	54	17	63	54
n02927161_262.JPEG	1	0	63	63
n02927161_230.JPEG	0	0	63	63
n02927161_77.JPEG	4	26	63	63
n02927161_306.JPEG	0	0	63	63
n02927161_197.JPEG	0	0	63	63
n02927161_384.JPEG	0	1	63	63
n02927161_251.JPEG	15	37	39	50
n02927161_302.JPEG	1	0	63	63
n02927161_492.JPEG	0	0	63	63
n02927161_87.JPEG	0	1	63	63
n02927161_379.JPEG	0	0	63	63
n02927161_309.JPEG	0	0	63	63
n02927161_5.JPEG	5	1	63	63
n02927161_471.JPEG	0	0	63	63
n02927161_173.JPEG	0	12	63	63
n02927161_182.JPEG	0	4	38	63
n02927161_67.JPEG	0	1	63	63
n02927161_483.JPEG	0	0	63	63
n02927161_165.JPEG	0	0	63	63
n02927161_478.JPEG	2	9	63	37
n02927161_322.JPEG	0	0	63	63
n02927161_404.JPEG	0	0	63	63
n02927161_345.JPEG	0	1	63	63
n02927161_86.JPEG	0	0	63	63
n02927161_69.JPEG	0	1	63	60
n02927161_168.JPEG	0	0	63	63
n02927161_233.JPEG	4	1	63	63
n02927161_3.JPEG	0	0	63	63
n02927161_216.JPEG	0	27	63	51
n02927161_210.JPEG	1	0	63	63
n02927161_154.JPEG	9	30	63	52
n02927161_148.JPEG	0	0	63	63
n02927161_35.JPEG	0	0	63	63
n02927161_189.JPEG	3	0	63	63
n02927161_294.JPEG	0	1	63	63
n02927161_391.JPEG	44	56	52	63
n02927161_201.JPEG	0	12	56	63
n02927161_394.JPEG	0	0	63	63
n02927161_49.JPEG	0	0	63	63
n02927161_156.JPEG	0	0	63	63
n02927161_389.JPEG	0	0	63	63
n02927161_81.JPEG	1	0	60	63
n02927161_440.JPEG	0	0	63	63
n02927161_124.JPEG	0	0	63	63
n02927161_355.JPEG	0	0	63	40
n02927161_163.JPEG	22	0	63	57
n02927161_27.JPEG	0	1	63	49
n02927161_400.JPEG	0	0	63	63
n02927161_482.JPEG	0	0	63	63
n02927161_442.JPEG	0	0	63	63
n02927161_353.JPEG	0	1	63	63
n02927161_380.JPEG	0	0	63	63
n02927161_386.JPEG	0	1	63	63
n02927161_489.JPEG	0	1	63	63
n02927161_421.JPEG	1	0	63	63
n02927161_361.JPEG	0	1	63	63
n02927161_467.JPEG	0	0	63	63
n02927161_491.JPEG	0	0	63	63
n02927161_437.JPEG	0	0	63	63
n02927161_264.JPEG	0	0	63	63
n02927161_103.JPEG	0	0	63	63
n02927161_248.JPEG	1	0	63	63
n02927161_46.JPEG	0	0	63	63
n02927161_214.JPEG	0	1	63	63
n02927161_493.JPEG	0	0	63	63
n02927161_444.JPEG	0	0	63	63
n02927161_203.JPEG	0	0	63	63
n02927161_6.JPEG	0	0	63	63
n02927161_186.JPEG	0	0	63	63
n02927161_414.JPEG	0	0	63	63
n02927161_34.JPEG	0	1	63	59
n02927161_47.JPEG	0	0	63	63
n02927161_265.JPEG	0	1	63	63
n02927161_273.JPEG	0	0	63	63
n02927161_418.JPEG	0	1	63	63
n02927161_465.JPEG	1	0	63	63
n02927161_253.JPEG	0	0	63	63
n02927161_179.JPEG	0	1	63	63
n02927161_347.JPEG	0	4	58	63
n02927161_488.JPEG	0	0	63	63
n02927161_70.JPEG	0	0	63	63
n02927161_479.JPEG	0	0	63	63
n02927161_370.JPEG	0	1	59	63
n02927161_227.JPEG	0	0	63	63
n02927161_229.JPEG	0	0	63	63
n02927161_180.JPEG	0	11	63	63
n02927161_328.JPEG	0	9	63	63
n02927161_159.JPEG	0	0	63	63
n02927161_25.JPEG	0	1	63	63
n02927161_405.JPEG	0	5	63	63
n02927161_181.JPEG	0	0	63	63
n02927161_358.JPEG	0	1	63	63
n02927161_422.JPEG	1	0	63	52
n02927161_291.JPEG	0	0	63	63
n02927161_267.JPEG	0	10	63	63
n02927161_93.JPEG	0	0	63	63
n02927161_64.JPEG	0	1	63	63
n02927161_281.JPEG	1	0	63	63
n02927161_135.JPEG	0	0	63	63
n02927161_225.JPEG	0	0	63	63
n02927161_188.JPEG	0	0	63	63
n02927161_417.JPEG	0	1	63	63
n02927161_426.JPEG	0	1	63	63
n02927161_459.JPEG	0	0	63	63
n02927161_51.JPEG	0	0	63	63
n02927161_221.JPEG	0	0	63	63
n02927161_351.JPEG	0	0	63	63
n02927161_481.JPEG	0	7	63	63
n02927161_450.JPEG	0	1	63	63
n02927161_360.JPEG	1	0	63	63
n02927161_0.JPEG	12	10	63	63
n02927161_194.JPEG	0	1	63	63
n02927161_276.JPEG	0	26	63	63
n02927161_475.JPEG	0	0	63	63
n02927161_228.JPEG	0	1	63	63
n02927161_242.JPEG	1	11	56	63
n02927161_66.JPEG	0	0	63	63
n02927161_113.JPEG	0	0	63	63
n02927161_282.JPEG	1	0	63	63
n02927161_166.JPEG	0	0	63	63
n02927161_334.JPEG	0	0	63	63
n02927161_22.JPEG	1	0	63	63
n02927161_164.JPEG	0	0	63	63
n02927161_4.JPEG	0	1	63	63
n02927161_187.JPEG	0	0	63	63
n02927161_14.JPEG	1	0	63	63
n02927161_278.JPEG	0	1	63	63
n02927161_497.JPEG	0	0	63	63
n02927161_109.JPEG	0	0	63	63
n02927161_129.JPEG	0	0	63	63
n02927161_26.JPEG	0	0	63	63
n02927161_125.JPEG	0	0	63	63
n02927161_470.JPEG	0	0	63	63
n02927161_110.JPEG	0	0	63	63
n02927161_402.JPEG	0	0	63	63
n02927161_119.JPEG	0	0	63	63
n02927161_30.JPEG	0	0	63	63
n02927161_313.JPEG	0	6	63	53
n02927161_279.JPEG	0	1	63	63
n02927161_36.JPEG	0	0	63	63
n02927161_207.JPEG	0	0	63	63
n02927161_289.JPEG	1	0	63	63
n02927161_472.JPEG	0	1	63	63
n02927161_275.JPEG	12	7	60	63
n02927161_266.JPEG	0	1	63	63
n02927161_335.JPEG	4	20	56	63
n02927161_474.JPEG	0	1	63	63
n02927161_101.JPEG	1	0	63	63
n02927161_249.JPEG	0	1	63	63
n02927161_246.JPEG	0	11	13	63
n02927161_314.JPEG	0	0	63	63
n02927161_45.JPEG	0	0	63	63
n02927161_327.JPEG	0	9	63	60
n02927161_91.JPEG	0	0	63	63
n02927161_473.JPEG	0	0	63	63
n02927161_162.JPEG	0	0	63	63
n02927161_344.JPEG	0	0	63	63
n02927161_218.JPEG	0	2	63	63
n02927161_136.JPEG	0	0	63	63
n02927161_145.JPEG	0	20	63	61
n02927161_286.JPEG	0	16	61	63
n02927161_447.JPEG	0	1	63	63
n02927161_63.JPEG	0	0	63	63
n02927161_88.JPEG	1	0	63	63
n02927161_321.JPEG	7	0	63	63
n02927161_458.JPEG	0	0	63	63
n02927161_390.JPEG	0	1	63	63
n02927161_339.JPEG	0	0	63	63
n02927161_106.JPEG	0	24	63	63
n02927161_333.JPEG	0	0	63	63
n02927161_23.JPEG	0	1	63	63
n02927161_231.JPEG	13	0	41	14
n02927161_382.JPEG	0	0	63	63
n02927161_175.JPEG	0	7	63	59
n02927161_121.JPEG	0	1	63	63
n02927161_212.JPEG	0	5	63	63
n02927161_340.JPEG	0	0	63	63
n02927161_240.JPEG	0	0	63	63
n02927161_213.JPEG	1	0	63	63
n02927161_451.JPEG	0	3	63	60
n02927161_13.JPEG	2	0	63	63
n02927161_54.JPEG	0	0	63	63
n02927161_433.JPEG	0	34	63	55
n02927161_411.JPEG	0	0	57	47
n02927161_293.JPEG	0	1	63	59
n02927161_381.JPEG	0	0	63	63
n02927161_357.JPEG	0	0	63	63
n02927161_435.JPEG	0	0	63	63
n02927161_336.JPEG	0	0	63	63
n02927161_315.JPEG	0	0	63	63
n02927161_116.JPEG	0	15	63	63
n02927161_256.JPEG	0	0	63	63
n02927161_174.JPEG	0	0	63	63
n02927161_199.JPEG	0	0	63	63
n02927161_430.JPEG	0	7	49	63
n02927161_453.JPEG	0	0	63	63
n02927161_223.JPEG	0	21	63	63
n02927161_177.JPEG	0	0	63	63
n02927161_100.JPEG	0	0	63	63
n02927161_260.JPEG	0	0	63	63
n02927161_461.JPEG	43	0	63	61
n02927161_220.JPEG	0	0	51	63
n02927161_317.JPEG	0	0	63	63
n02927161_285.JPEG	4	0	59	63
n02927161_487.JPEG	0	27	39	55
n02927161_383.JPEG	0	0	63	63
n02927161_337.JPEG	0	11	63	63
n02927161_367.JPEG	0	1	63	63
n02927161_284.JPEG	0	1	63	63
n02927161_114.JPEG	0	0	63	63
n02927161_59.JPEG	20	33	52	53
n02927161_350.JPEG	0	1	63	63
n02927161_123.JPEG	0	0	63	63
n02927161_107.JPEG	0	0	63	63
n02927161_408.JPEG	0	0	63	63
n02927161_153.JPEG	0	0	63	63
n02927161_346.JPEG	11	0	63	63
n02927161_324.JPEG	0	1	63	63
n02927161_295.JPEG	14	1	63	63
n02927161_448.JPEG	0	0	63	63
n02927161_202.JPEG	0	0	63	63
n02927161_193.JPEG	0	18	63	63
n02927161_68.JPEG	0	0	63	63
n02927161_331.JPEG	0	39	63	63
n02927161_342.JPEG	0	0	63	63
n02927161_161.JPEG	0	0	63	63
n02927161_431.JPEG	0	0	63	63
n02927161_319.JPEG	0	0	63	63
n02927161_409.JPEG	0	1	63	63
n02927161_31.JPEG	0	0	63	63
n02927161_99.JPEG	0	0	63	63
n02927161_9.JPEG	11	1	63	63
n02927161_134.JPEG	0	1	63	63
n02927161_303.JPEG	0	0	63	63
n02927161_184.JPEG	0	0	52	63
n02927161_362.JPEG	0	0	63	63
n02927161_38.JPEG	0	0	63	63
n02927161_476.JPEG	0	1	63	63
n02927161_375.JPEG	0	1	63	63
n02927161_90.JPEG	0	0	63	63
n02927161_398.JPEG	0	0	63	63
n02927161_388.JPEG	11	1	63	63
n02927161_320.JPEG	0	0	63	63
n02927161_234.JPEG	0	0	63	63
n02927161_247.JPEG	0	0	37	63
n02927161_80.JPEG	1	0	63	63
n02927161_120.JPEG	8	0	63	63
n02927161_307.JPEG	0	1	63	63
n02927161_190.JPEG	32	0	63	63
n02927161_72.JPEG	0	1	63	63
n02927161_142.JPEG	0	0	63	63
n02927161_399.JPEG	30	7	63	50
n02927161_356.JPEG	8	8	63	63
n02927161_79.JPEG	3	19	15	39
n02927161_456.JPEG	0	0	63	63
n02927161_48.JPEG	0	0	63	63
n02927161_24.JPEG	0	1	63	63
n02927161_43.JPEG	0	1	63	63
n02927161_205.JPEG	0	0	63	63
n02927161_304.JPEG	0	1	63	63
n02927161_385.JPEG	0	1	56	63
n02927161_65.JPEG	0	0	63	63
n02927161_137.JPEG	0	0	63	59
n02927161_366.JPEG	0	19	63	63
n02927161_245.JPEG	0	0	63	63
n02927161_423.JPEG	0	0	63	63
n02927161_272.JPEG	0	0	63	63
n02927161_28.JPEG	0	0	63	63
n02927161_494.JPEG	0	2	63	63
n02927161_95.JPEG	1	0	63	63
n02927161_348.JPEG	1	0	51	63
n02927161_441.JPEG	7	2	63	37
n02927161_280.JPEG	0	15	63	57
n02927161_429.JPEG	0	1	63	63
n02927161_19.JPEG	0	17	63	58
n02927161_439.JPEG	0	1	63	63
n02927161_354.JPEG	0	0	63	63
n02927161_432.JPEG	1	0	63	63
n02927161_94.JPEG	0	0	63	63
n02927161_85.JPEG	0	1	63	63
n02927161_204.JPEG	0	1	63	63
n02927161_269.JPEG	0	1	63	63
n02927161_462.JPEG	0	0	63	63
n02927161_241.JPEG	34	49	55	63
n02927161_258.JPEG	0	0	63	63
n02927161_155.JPEG	0	1	63	63
n02927161_305.JPEG	0	0	63	63
n02927161_133.JPEG	0	3	63	63
n02927161_152.JPEG	24	5	41	55
n02927161_468.JPEG	0	1	63	63
n02927161_455.JPEG	0	1	63	63
n02927161_144.JPEG	0	0	63	63
n02927161_376.JPEG	0	1	63	63
n02927161_297.JPEG	0	0	63	63
n02927161_39.JPEG	0	0	63	55
val_711.JPEG	0	0	63	63
val_4318.JPEG	0	27	63	63
val_3195.JPEG	0	1	63	63
val_376.JPEG	12	1	63	63
val_4530.JPEG	0	0	63	63
val_8145.JPEG	0	9	63	52
val_3490.JPEG	0	3	63	62
val_6140.JPEG	0	0	63	63
val_4137.JPEG	0	0	63	63
val_2176.JPEG	1	0	63	63
val_8439.JPEG	0	0	63	63
val_234.JPEG	0	0	63	63
val_3857.JPEG	0	0	63	63
val_5780.JPEG	0	0	63	63
val_3301.JPEG	0	0	63	63
val_8614.JPEG	0	0	63	63
val_4987.JPEG	0	0	63	63
val_5829.JPEG	0	0	63	63
val_8051.JPEG	0	0	63	63
val_7219.JPEG	0	0	63	63
val_6906.JPEG	0	1	63	53
val_2621.JPEG	0	0	63	63
val_8047.JPEG	0	0	63	63
val_7193.JPEG	1	0	63	63
val_5695.JPEG	0	0	63	63
val_3178.JPEG	0	0	63	63
val_6363.JPEG	0	1	63	63
val_6964.JPEG	0	1	63	63
val_8242.JPEG	0	0	63	63
val_2472.JPEG	0	0	63	63
val_7694.JPEG	0	1	63	63
val_4921.JPEG	0	40	63	63
val_9433.JPEG	0	0	63	63
val_7474.JPEG	0	0	63	63
val_8132.JPEG	0	0	63	63
