n02977058_378.JPEG	5	16	54	63
n02977058_93.JPEG	6	2	63	63
n02977058_30.JPEG	1	0	63	63
n02977058_150.JPEG	9	29	21	57
n02977058_127.JPEG	3	0	62	63
n02977058_218.JPEG	2	0	30	63
n02977058_33.JPEG	25	25	33	38
n02977058_100.JPEG	28	0	59	57
n02977058_7.JPEG	47	7	57	45
n02977058_459.JPEG	1	0	63	63
n02977058_296.JPEG	3	0	63	63
n02977058_74.JPEG	41	4	55	55
n02977058_311.JPEG	19	0	45	63
n02977058_298.JPEG	7	0	30	38
n02977058_144.JPEG	20	32	46	63
n02977058_271.JPEG	26	3	62	63
n02977058_370.JPEG	0	0	63	63
n02977058_51.JPEG	0	0	63	63
n02977058_42.JPEG	0	1	63	63
n02977058_394.JPEG	7	29	62	63
n02977058_198.JPEG	0	0	63	63
n02977058_289.JPEG	0	0	63	63
n02977058_65.JPEG	24	10	48	63
n02977058_256.JPEG	15	1	54	63
n02977058_325.JPEG	13	0	42	63
n02977058_197.JPEG	1	1	63	63
n02977058_498.JPEG	0	1	63	63
n02977058_340.JPEG	0	24	18	43
n02977058_315.JPEG	19	33	41	54
n02977058_223.JPEG	38	13	60	60
n02977058_398.JPEG	0	1	63	63
n02977058_226.JPEG	0	0	63	63
n02977058_190.JPEG	0	10	38	39
n02977058_2.JPEG	7	0	49	63
n02977058_449.JPEG	0	0	63	63
n02977058_60.JPEG	2	0	63	63
n02977058_342.JPEG	21	1	42	62
n02977058_351.JPEG	14	7	48	63
n02977058_269.JPEG	17	22	31	54
n02977058_109.JPEG	0	2	44	63
n02977058_400.JPEG	54	21	63	36
n02977058_312.JPEG	0	8	63	63
n02977058_474.JPEG	4	14	63	63
n02977058_251.JPEG	21	0	45	63
n02977058_458.JPEG	0	1	63	63
n02977058_375.JPEG	0	0	29	63
n02977058_294.JPEG	0	1	21	63
n02977058_206.JPEG	9	8	42	63
n02977058_135.JPEG	20	2	47	31
n02977058_216.JPEG	0	0	63	63
n02977058_348.JPEG	15	0	51	63
n02977058_355.JPEG	24	28	38	40
n02977058_50.JPEG	0	0	59	63
n02977058_242.JPEG	30	40	37	51
n02977058_290.JPEG	63	3	63	43
n02977058_231.JPEG	0	2	63	63
n02977058_49.JPEG	2	33	49	63
n02977058_172.JPEG	36	27	43	35
n02977058_174.JPEG	20	21	36	52
n02977058_104.JPEG	32	21	48	43
n02977058_220.JPEG	5	0	60	61
n02977058_132.JPEG	0	0	63	63
n02977058_210.JPEG	0	1	63	63
n02977058_381.JPEG	2	0	61	63
n02977058_358.JPEG	18	6	47	63
n02977058_473.JPEG	0	4	63	49
n02977058_0.JPEG	10	0	39	63
n02977058_201.JPEG	18	10	32	32
n02977058_252.JPEG	16	0	63	63
n02977058_64.JPEG	1	0	63	63
n02977058_230.JPEG	0	2	63	63
n02977058_44.JPEG	0	25	44	63
n02977058_170.JPEG	0	1	63	63
n02977058_36.JPEG	1	0	63	63
n02977058_11.JPEG	8	6	38	63
n02977058_189.JPEG	13	0	63	63
n02977058_154.JPEG	0	0	63	63
n02977058_265.JPEG	14	10	56	55
n02977058_429.JPEG	0	0	63	63
n02977058_9.JPEG	13	0	63	55
n02977058_91.JPEG	11	3	50	63
n02977058_54.JPEG	14	14	43	47
n02977058_477.JPEG	0	10	22	63
n02977058_253.JPEG	7	0	63	61
n02977058_387.JPEG	18	8	46	63
n02977058_8.JPEG	0	19	16	35
n02977058_427.JPEG	0	1	56	63
n02977058_373.JPEG	22	3	51	48
n02977058_281.JPEG	23	0	47	63
n02977058_453.JPEG	0	0	63	63
n02977058_320.JPEG	0	33	18	63
n02977058_122.JPEG	0	1	41	63
n02977058_384.JPEG	0	0	33	55
n02977058_169.JPEG	9	0	55	63
n02977058_404.JPEG	10	0	55	63
n02977058_364.JPEG	8	5	59	53
n02977058_284.JPEG	4	11	61	63
n02977058_52.JPEG	47	35	61	63
n02977058_436.JPEG	24	22	45	52
n02977058_202.JPEG	1	0	63	63
n02977058_246.JPEG	0	1	63	63
n02977058_82.JPEG	0	5	63	63
n02977058_191.JPEG	12	11	33	38
n02977058_119.JPEG	0	22	24	63
n02977058_327.JPEG	0	1	50	63
n02977058_380.JPEG	26	35	37	51
n02977058_270.JPEG	0	0	63	63
n02977058_259.JPEG	18	0	58	63
n02977058_359.JPEG	0	0	63	58
n02977058_267.JPEG	35	18	52	63
n02977058_130.JPEG	0	0	63	63
n02977058_192.JPEG	14	0	52	63
n02977058_3.JPEG	30	0	58	63
n02977058_241.JPEG	0	1	61	42
n02977058_142.JPEG	2	2	19	46
n02977058_103.JPEG	31	2	50	57
n02977058_356.JPEG	35	0	61	53
n02977058_77.JPEG	14	0	48	63
n02977058_379.JPEG	6	0	60	63
n02977058_126.JPEG	40	0	61	63
n02977058_345.JPEG	50	34	63	60
n02977058_388.JPEG	32	29	55	63
n02977058_445.JPEG	0	16	17	34
n02977058_158.JPEG	34	1	63	36
n02977058_425.JPEG	15	2	48	55
n02977058_442.JPEG	17	1	42	63
n02977058_89.JPEG	14	15	63	63
n02977058_56.JPEG	7	17	51	57
n02977058_369.JPEG	0	1	63	63
n02977058_171.JPEG	39	8	52	36
n02977058_21.JPEG	0	0	63	63
n02977058_155.JPEG	1	0	63	63
n02977058_227.JPEG	0	0	63	63
n02977058_288.JPEG	11	2	54	63
n02977058_399.JPEG	19	14	43	40
n02977058_438.JPEG	11	0	57	56
n02977058_336.JPEG	1	0	63	63
n02977058_321.JPEG	0	0	63	63
n02977058_413.JPEG	14	0	47	63
n02977058_353.JPEG	6	19	63	63
n02977058_293.JPEG	0	1	63	63
n02977058_431.JPEG	0	28	34	63
n02977058_209.JPEG	26	2	63	57
n02977058_105.JPEG	0	0	63	63
n02977058_465.JPEG	0	2	63	63
n02977058_478.JPEG	0	0	63	63
n02977058_472.JPEG	10	20	38	55
n02977058_96.JPEG	9	9	56	43
n02977058_160.JPEG	54	8	63	30
n02977058_412.JPEG	17	0	46	63
n02977058_361.JPEG	25	15	57	63
n02977058_262.JPEG	9	5	31	63
n02977058_272.JPEG	6	6	57	56
n02977058_434.JPEG	0	13	38	63
n02977058_499.JPEG	0	0	63	63
n02977058_116.JPEG	3	0	60	63
n02977058_457.JPEG	12	0	53	63
n02977058_446.JPEG	32	21	48	58
n02977058_34.JPEG	12	24	53	63
n02977058_483.JPEG	13	26	44	61
n02977058_343.JPEG	3	0	49	63
n02977058_177.JPEG	0	6	30	63
n02977058_194.JPEG	17	36	25	46
n02977058_123.JPEG	28	24	42	47
n02977058_395.JPEG	9	34	60	63
n02977058_382.JPEG	0	8	57	63
n02977058_409.JPEG	10	21	45	61
n02977058_466.JPEG	21	18	63	63
n02977058_212.JPEG	3	14	63	63
n02977058_188.JPEG	43	0	59	34
n02977058_277.JPEG	0	1	63	60
n02977058_403.JPEG	30	8	55	51
n02977058_66.JPEG	50	40	63	63
n02977058_193.JPEG	0	4	34	61
n02977058_163.JPEG	7	13	61	54
n02977058_462.JPEG	0	0	63	63
n02977058_393.JPEG	0	0	38	63
n02977058_308.JPEG	4	0	63	63
n02977058_420.JPEG	0	0	63	63
n02977058_410.JPEG	0	1	63	63
n02977058_488.JPEG	0	0	63	63
n02977058_266.JPEG	25	11	37	27
n02977058_221.JPEG	0	18	63	40
n02977058_86.JPEG	0	1	63	63
n02977058_219.JPEG	18	24	63	63
n02977058_149.JPEG	24	0	48	63
n02977058_88.JPEG	0	14	27	63
n02977058_90.JPEG	0	10	47	51
n02977058_152.JPEG	32	0	63	63
n02977058_58.JPEG	17	2	51	62
n02977058_41.JPEG	0	5	31	63
n02977058_175.JPEG	12	23	44	57
n02977058_283.JPEG	0	0	63	63
n02977058_377.JPEG	0	5	63	57
n02977058_314.JPEG	22	6	39	54
n02977058_301.JPEG	25	21	44	43
n02977058_166.JPEG	0	15	21	63
n02977058_492.JPEG	38	10	49	46
n02977058_18.JPEG	33	36	42	63
n02977058_480.JPEG	12	0	52	63
n02977058_6.JPEG	31	0	55	37
n02977058_128.JPEG	0	1	34	63
n02977058_153.JPEG	44	20	63	59
n02977058_43.JPEG	1	2	48	63
n02977058_115.JPEG	9	0	58	63
n02977058_94.JPEG	14	0	46	61
n02977058_16.JPEG	4	20	13	38
n02977058_295.JPEG	0	1	63	61
n02977058_95.JPEG	4	0	63	63
n02977058_239.JPEG	20	0	63	63
n02977058_106.JPEG	6	0	58	63
n02977058_476.JPEG	0	15	44	60
n02977058_61.JPEG	48	1	63	63
n02977058_274.JPEG	16	0	51	63
n02977058_59.JPEG	5	0	63	63
n02977058_405.JPEG	0	0	63	63
n02977058_180.JPEG	1	0	63	63
n02977058_496.JPEG	0	12	62	63
n02977058_213.JPEG	38	23	63	63
n02977058_181.JPEG	31	16	63	63
n02977058_487.JPEG	12	0	58	63
n02977058_448.JPEG	9	4	52	63
n02977058_300.JPEG	21	1	42	63
n02977058_140.JPEG	0	0	63	63
n02977058_141.JPEG	7	0	61	63
n02977058_426.JPEG	18	0	55	59
n02977058_419.JPEG	0	0	63	63
n02977058_368.JPEG	31	16	54	63
n02977058_317.JPEG	20	0	42	16
n02977058_418.JPEG	15	0	46	63
n02977058_199.JPEG	11	4	55	63
n02977058_48.JPEG	0	17	63	63
n02977058_313.JPEG	36	31	51	50
n02977058_62.JPEG	4	9	30	63
n02977058_447.JPEG	38	23	63	63
n02977058_326.JPEG	0	0	63	62
n02977058_437.JPEG	0	0	63	63
n02977058_390.JPEG	27	28	50	54
n02977058_341.JPEG	0	8	63	60
n02977058_35.JPEG	1	0	63	63
n02977058_422.JPEG	4	0	61	63
n02977058_346.JPEG	4	2	63	58
n02977058_26.JPEG	0	1	63	63
n02977058_55.JPEG	15	9	51	58
n02977058_263.JPEG	7	35	25	63
n02977058_475.JPEG	60	38	63	63
n02977058_414.JPEG	0	4	63	63
n02977058_99.JPEG	13	4	32	39
n02977058_299.JPEG	0	8	35	63
n02977058_101.JPEG	0	1	63	63
n02977058_165.JPEG	0	1	45	63
n02977058_302.JPEG	26	1	63	63
n02977058_389.JPEG	0	8	7	63
n02977058_432.JPEG	0	1	63	63
n02977058_257.JPEG	1	0	63	63
n02977058_383.JPEG	16	21	24	45
n02977058_408.JPEG	18	7	63	63
n02977058_433.JPEG	11	17	51	63
n02977058_261.JPEG	19	0	50	39
n02977058_401.JPEG	5	0	45	63
n02977058_137.JPEG	0	0	63	63
n02977058_129.JPEG	9	0	57	63
n02977058_83.JPEG	47	36	53	54
n02977058_486.JPEG	0	2	63	63
n02977058_162.JPEG	12	7	63	63
n02977058_275.JPEG	29	31	41	55
n02977058_417.JPEG	27	5	63	63
n02977058_456.JPEG	20	17	40	55
n02977058_71.JPEG	53	20	63	41
n02977058_452.JPEG	0	0	63	63
n02977058_423.JPEG	0	2	63	63
n02977058_12.JPEG	18	32	49	63
n02977058_365.JPEG	5	3	52	49
n02977058_24.JPEG	0	0	57	63
n02977058_238.JPEG	18	31	37	62
n02977058_224.JPEG	0	1	41	63
n02977058_81.JPEG	1	0	63	63
n02977058_455.JPEG	0	19	19	41
n02977058_349.JPEG	0	24	32	63
n02977058_235.JPEG	0	1	63	63
n02977058_304.JPEG	23	18	63	63
n02977058_215.JPEG	41	0	63	41
n02977058_479.JPEG	25	15	45	48
n02977058_344.JPEG	13	0	58	63
n02977058_306.JPEG	17	28	48	63
n02977058_305.JPEG	60	26	63	36
n02977058_39.JPEG	3	12	59	63
n02977058_250.JPEG	0	3	63	63
n02977058_111.JPEG	41	18	58	46
n02977058_243.JPEG	0	0	63	63
n02977058_386.JPEG	0	1	63	63
n02977058_167.JPEG	18	0	31	15
n02977058_485.JPEG	17	24	34	53
n02977058_332.JPEG	7	7	27	63
n02977058_307.JPEG	9	2	53	63
n02977058_45.JPEG	4	0	61	63
n02977058_205.JPEG	32	16	43	39
n02977058_497.JPEG	8	0	60	63
n02977058_468.JPEG	0	5	24	63
n02977058_352.JPEG	22	16	42	46
n02977058_67.JPEG	0	0	36	63
n02977058_489.JPEG	22	11	49	39
n02977058_278.JPEG	0	0	63	63
n02977058_337.JPEG	0	1	63	63
n02977058_225.JPEG	27	29	42	58
n02977058_233.JPEG	29	0	46	63
n02977058_338.JPEG	50	7	63	63
n02977058_4.JPEG	19	0	48	63
n02977058_92.JPEG	11	13	32	42
n02977058_40.JPEG	0	13	41	57
n02977058_411.JPEG	6	23	25	41
n02977058_397.JPEG	31	12	63	63
n02977058_98.JPEG	14	14	48	52
n02977058_463.JPEG	20	35	49	63
n02977058_31.JPEG	5	6	50	53
n02977058_254.JPEG	0	0	63	63
n02977058_234.JPEG	0	0	63	63
n02977058_29.JPEG	0	0	63	63
n02977058_454.JPEG	0	5	63	63
n02977058_316.JPEG	6	33	63	63
n02977058_374.JPEG	0	1	63	60
n02977058_139.JPEG	10	17	43	63
n02977058_203.JPEG	15	10	42	39
n02977058_491.JPEG	0	0	63	63
n02977058_428.JPEG	2	0	46	51
n02977058_249.JPEG	0	1	63	63
n02977058_125.JPEG	23	15	45	60
n02977058_84.JPEG	13	2	49	63
n02977058_367.JPEG	5	2	31	31
n02977058_110.JPEG	18	29	53	63
n02977058_68.JPEG	20	24	63	55
n02977058_464.JPEG	16	3	48	63
n02977058_113.JPEG	53	17	63	55
n02977058_319.JPEG	57	15	63	52
n02977058_282.JPEG	0	8	63	61
n02977058_260.JPEG	14	14	45	53
n02977058_112.JPEG	3	0	61	63
n02977058_416.JPEG	0	0	63	63
n02977058_183.JPEG	4	0	63	63
n02977058_347.JPEG	0	5	0	54
n02977058_396.JPEG	46	23	59	59
n02977058_157.JPEG	23	8	35	47
n02977058_159.JPEG	3	0	35	63
n02977058_46.JPEG	4	0	58	55
n02977058_20.JPEG	0	0	61	63
n02977058_133.JPEG	1	0	63	63
n02977058_360.JPEG	0	2	63	63
n02977058_443.JPEG	2	0	63	63
n02977058_494.JPEG	35	0	63	41
n02977058_471.JPEG	0	0	63	63
val_7198.JPEG	22	15	31	29
val_6619.JPEG	10	0	63	60
val_1756.JPEG	31	0	46	48
val_7378.JPEG	11	0	52	63
val_2878.JPEG	6	0	53	63
val_1913.JPEG	5	1	62	63
val_5290.JPEG	29	20	47	63
val_1449.JPEG	0	0	63	63
val_3754.JPEG	19	2	63	63
val_1672.JPEG	1	0	63	63
val_5296.JPEG	0	11	63	63
val_8625.JPEG	2	0	60	63
val_5737.JPEG	17	21	50	63
val_9280.JPEG	0	1	63	63
val_6742.JPEG	38	25	63	63
val_3693.JPEG	4	0	55	63
val_7087.JPEG	18	0	48	63
val_3423.JPEG	35	8	57	63
val_6786.JPEG	7	15	36	58
val_9637.JPEG	0	4	61	60
val_8827.JPEG	31	8	50	41
val_6919.JPEG	15	0	53	63
val_6755.JPEG	19	0	52	63
val_3920.JPEG	0	0	63	63
val_7123.JPEG	1	16	20	61
val_8247.JPEG	23	0	53	57
val_3246.JPEG	0	0	63	63
val_2350.JPEG	14	3	43	63
val_6934.JPEG	4	0	62	63
val_2815.JPEG	1	0	61	63
val_5554.JPEG	11	3	56	63
val_8352.JPEG	11	8	50	57
val_35.JPEG	7	23	63	63
val_6743.JPEG	0	0	63	63
val_6984.JPEG	0	4	63	63
