n02988304_7.JPEG	0	15	63	63
n02988304_45.JPEG	6	0	63	38
n02988304_219.JPEG	4	9	35	35
n02988304_174.JPEG	15	31	46	63
n02988304_187.JPEG	8	12	55	59
n02988304_50.JPEG	0	6	39	58
n02988304_404.JPEG	3	21	63	41
n02988304_51.JPEG	0	5	63	61
n02988304_385.JPEG	0	34	63	63
n02988304_157.JPEG	12	14	44	41
n02988304_140.JPEG	0	26	63	44
n02988304_264.JPEG	8	3	51	47
n02988304_12.JPEG	20	30	47	36
n02988304_52.JPEG	0	17	63	41
n02988304_332.JPEG	33	42	63	63
n02988304_38.JPEG	0	22	63	41
n02988304_60.JPEG	0	16	63	63
n02988304_463.JPEG	5	1	63	63
n02988304_53.JPEG	1	6	63	55
n02988304_394.JPEG	29	45	39	59
n02988304_241.JPEG	6	0	63	45
n02988304_91.JPEG	14	7	50	56
n02988304_59.JPEG	0	5	63	63
n02988304_476.JPEG	0	5	63	56
n02988304_104.JPEG	0	2	63	58
n02988304_383.JPEG	2	5	38	44
n02988304_284.JPEG	0	19	63	54
n02988304_208.JPEG	2	10	58	63
n02988304_277.JPEG	1	23	62	60
n02988304_111.JPEG	0	0	63	51
n02988304_366.JPEG	0	0	63	63
n02988304_46.JPEG	0	11	63	63
n02988304_380.JPEG	0	18	63	48
n02988304_342.JPEG	6	0	41	12
n02988304_154.JPEG	0	22	63	45
n02988304_485.JPEG	13	34	56	48
n02988304_278.JPEG	7	0	57	63
n02988304_360.JPEG	0	18	63	48
n02988304_305.JPEG	10	9	63	63
n02988304_155.JPEG	0	6	63	55
n02988304_349.JPEG	11	16	52	55
n02988304_472.JPEG	0	0	63	43
n02988304_246.JPEG	8	1	63	55
n02988304_460.JPEG	0	14	63	37
n02988304_350.JPEG	10	17	63	32
n02988304_188.JPEG	3	11	41	28
n02988304_158.JPEG	0	32	26	60
n02988304_20.JPEG	0	6	63	63
n02988304_195.JPEG	0	1	63	63
n02988304_236.JPEG	0	0	63	62
n02988304_136.JPEG	0	5	63	59
n02988304_365.JPEG	0	12	63	52
n02988304_430.JPEG	0	0	63	63
n02988304_388.JPEG	0	7	63	54
n02988304_479.JPEG	21	38	51	50
n02988304_26.JPEG	0	5	63	56
n02988304_253.JPEG	0	24	63	47
n02988304_98.JPEG	1	22	47	34
n02988304_221.JPEG	17	19	63	58
n02988304_185.JPEG	0	8	37	63
n02988304_153.JPEG	16	17	52	43
n02988304_422.JPEG	13	7	46	55
n02988304_296.JPEG	2	3	63	61
n02988304_29.JPEG	31	38	61	60
n02988304_173.JPEG	6	16	58	34
n02988304_75.JPEG	22	23	47	51
n02988304_406.JPEG	0	18	63	63
n02988304_377.JPEG	7	23	63	41
n02988304_90.JPEG	0	1	63	53
n02988304_210.JPEG	0	26	63	49
n02988304_468.JPEG	0	0	63	63
n02988304_121.JPEG	0	1	63	54
n02988304_238.JPEG	20	31	40	56
n02988304_230.JPEG	0	2	63	60
n02988304_123.JPEG	9	14	63	59
n02988304_2.JPEG	9	36	54	60
n02988304_13.JPEG	5	4	62	63
n02988304_441.JPEG	7	10	63	51
n02988304_220.JPEG	13	26	49	49
n02988304_396.JPEG	0	16	63	63
n02988304_77.JPEG	0	11	63	35
n02988304_55.JPEG	23	23	54	32
n02988304_120.JPEG	1	18	57	49
n02988304_16.JPEG	15	21	49	33
n02988304_71.JPEG	0	27	63	46
n02988304_475.JPEG	16	17	45	46
n02988304_381.JPEG	11	7	43	45
n02988304_327.JPEG	15	14	49	48
n02988304_303.JPEG	0	0	63	58
n02988304_344.JPEG	0	14	63	59
n02988304_357.JPEG	0	0	58	63
n02988304_320.JPEG	0	12	63	50
n02988304_419.JPEG	0	1	63	63
n02988304_27.JPEG	0	5	63	59
n02988304_275.JPEG	6	25	56	37
n02988304_374.JPEG	0	17	63	58
n02988304_139.JPEG	0	3	63	59
n02988304_192.JPEG	14	19	51	35
n02988304_216.JPEG	0	21	42	59
n02988304_435.JPEG	1	8	63	61
n02988304_328.JPEG	0	1	63	63
n02988304_212.JPEG	0	13	63	59
n02988304_373.JPEG	0	0	63	63
n02988304_193.JPEG	0	2	63	61
n02988304_286.JPEG	21	9	43	35
n02988304_283.JPEG	0	8	63	36
n02988304_291.JPEG	0	7	24	54
n02988304_67.JPEG	10	27	53	55
n02988304_306.JPEG	0	1	56	63
n02988304_438.JPEG	32	7	63	44
n02988304_356.JPEG	0	10	63	58
n02988304_496.JPEG	11	1	63	63
n02988304_354.JPEG	0	1	63	63
n02988304_345.JPEG	0	14	56	58
n02988304_256.JPEG	19	13	39	33
n02988304_403.JPEG	0	11	63	32
n02988304_498.JPEG	0	23	15	37
n02988304_117.JPEG	0	1	54	61
n02988304_378.JPEG	0	0	63	63
n02988304_379.JPEG	4	13	36	41
n02988304_81.JPEG	0	2	63	63
n02988304_180.JPEG	22	14	63	58
n02988304_492.JPEG	0	21	63	40
n02988304_160.JPEG	0	0	63	58
n02988304_143.JPEG	0	13	63	50
n02988304_127.JPEG	0	1	63	63
n02988304_118.JPEG	0	0	53	42
n02988304_137.JPEG	0	25	45	63
n02988304_242.JPEG	2	2	63	63
n02988304_316.JPEG	2	5	47	57
n02988304_24.JPEG	0	17	63	51
n02988304_227.JPEG	17	11	37	38
n02988304_205.JPEG	0	6	63	52
n02988304_263.JPEG	0	27	63	46
n02988304_22.JPEG	0	20	47	36
n02988304_166.JPEG	11	23	34	32
n02988304_194.JPEG	0	0	63	63
n02988304_309.JPEG	4	19	24	38
n02988304_418.JPEG	21	20	49	46
n02988304_481.JPEG	0	6	63	48
n02988304_93.JPEG	17	34	45	43
n02988304_147.JPEG	1	13	33	46
n02988304_239.JPEG	0	0	63	63
n02988304_280.JPEG	9	0	56	63
n02988304_329.JPEG	0	16	44	59
n02988304_28.JPEG	4	5	62	57
n02988304_58.JPEG	17	32	56	46
n02988304_317.JPEG	0	10	63	49
n02988304_146.JPEG	0	22	63	44
n02988304_102.JPEG	0	7	63	60
n02988304_319.JPEG	3	15	60	53
n02988304_254.JPEG	15	1	63	58
n02988304_229.JPEG	0	21	63	50
n02988304_450.JPEG	0	14	63	48
n02988304_196.JPEG	0	6	45	41
n02988304_371.JPEG	27	16	63	61
n02988304_190.JPEG	0	5	63	63
n02988304_334.JPEG	0	9	63	51
n02988304_189.JPEG	0	14	63	48
n02988304_130.JPEG	4	4	60	34
n02988304_285.JPEG	10	6	61	59
n02988304_330.JPEG	1	34	29	59
n02988304_249.JPEG	1	1	63	63
n02988304_295.JPEG	0	1	63	63
n02988304_134.JPEG	0	8	57	59
n02988304_244.JPEG	0	8	63	63
n02988304_49.JPEG	0	1	56	60
n02988304_462.JPEG	41	19	63	50
n02988304_116.JPEG	0	21	56	50
n02988304_464.JPEG	19	26	48	36
n02988304_14.JPEG	0	16	63	53
n02988304_395.JPEG	0	5	63	58
n02988304_40.JPEG	1	16	63	54
n02988304_167.JPEG	14	0	56	32
n02988304_444.JPEG	13	23	50	41
n02988304_145.JPEG	18	18	50	47
n02988304_10.JPEG	2	2	63	63
n02988304_408.JPEG	0	15	63	45
n02988304_473.JPEG	10	24	52	63
n02988304_314.JPEG	0	9	60	59
n02988304_1.JPEG	0	2	63	39
n02988304_300.JPEG	0	23	63	63
n02988304_307.JPEG	1	0	63	63
n02988304_270.JPEG	8	12	52	26
n02988304_213.JPEG	0	0	63	63
n02988304_338.JPEG	9	9	53	55
n02988304_397.JPEG	0	1	63	63
n02988304_80.JPEG	0	10	63	59
n02988304_337.JPEG	8	0	63	63
n02988304_252.JPEG	1	0	63	63
n02988304_85.JPEG	8	6	59	63
n02988304_203.JPEG	21	12	62	57
n02988304_25.JPEG	10	8	53	45
n02988304_347.JPEG	0	4	63	63
n02988304_162.JPEG	11	39	48	50
n02988304_197.JPEG	23	35	37	44
n02988304_440.JPEG	0	13	44	56
n02988304_434.JPEG	22	40	38	44
n02988304_267.JPEG	0	18	63	41
n02988304_78.JPEG	26	30	63	59
n02988304_163.JPEG	0	23	63	56
n02988304_114.JPEG	0	2	63	63
n02988304_310.JPEG	22	9	41	26
n02988304_459.JPEG	11	16	63	55
n02988304_477.JPEG	32	18	62	47
n02988304_122.JPEG	0	1	63	54
n02988304_87.JPEG	0	16	40	63
n02988304_499.JPEG	1	19	61	44
n02988304_318.JPEG	0	9	63	59
n02988304_181.JPEG	14	3	61	42
n02988304_493.JPEG	2	0	63	63
n02988304_235.JPEG	31	43	62	62
n02988304_222.JPEG	0	11	63	54
n02988304_159.JPEG	15	29	54	41
n02988304_491.JPEG	18	29	26	34
n02988304_402.JPEG	0	0	63	26
n02988304_161.JPEG	0	17	63	63
n02988304_488.JPEG	32	20	61	38
n02988304_182.JPEG	0	0	63	63
n02988304_405.JPEG	0	0	63	63
n02988304_70.JPEG	0	8	63	47
n02988304_165.JPEG	0	29	63	59
n02988304_432.JPEG	0	6	63	55
n02988304_152.JPEG	0	0	63	63
n02988304_124.JPEG	22	24	46	52
n02988304_298.JPEG	0	7	61	62
n02988304_179.JPEG	6	22	50	38
n02988304_484.JPEG	21	3	63	45
n02988304_237.JPEG	13	15	53	51
n02988304_215.JPEG	0	1	63	62
n02988304_299.JPEG	0	0	63	63
n02988304_31.JPEG	0	9	59	63
n02988304_233.JPEG	10	1	44	43
n02988304_353.JPEG	0	6	52	53
n02988304_386.JPEG	16	17	53	38
n02988304_417.JPEG	13	1	62	50
n02988304_72.JPEG	0	21	54	63
n02988304_57.JPEG	32	18	63	51
n02988304_391.JPEG	0	43	63	63
n02988304_128.JPEG	0	9	63	48
n02988304_177.JPEG	0	14	63	47
n02988304_429.JPEG	1	5	61	59
n02988304_101.JPEG	0	0	45	39
n02988304_5.JPEG	0	5	63	56
n02988304_125.JPEG	0	20	30	42
n02988304_445.JPEG	0	0	63	63
n02988304_3.JPEG	30	33	60	63
n02988304_129.JPEG	0	0	63	62
n02988304_110.JPEG	0	10	63	56
n02988304_420.JPEG	0	0	63	54
n02988304_274.JPEG	4	8	63	63
n02988304_97.JPEG	0	18	63	43
n02988304_232.JPEG	0	0	33	27
n02988304_211.JPEG	1	10	51	45
n02988304_214.JPEG	0	7	63	57
n02988304_226.JPEG	0	4	63	60
n02988304_217.JPEG	0	25	63	47
n02988304_272.JPEG	2	5	63	53
n02988304_113.JPEG	14	44	49	63
n02988304_487.JPEG	0	4	63	61
n02988304_411.JPEG	0	10	63	52
n02988304_456.JPEG	0	16	63	39
n02988304_100.JPEG	5	0	63	63
n02988304_292.JPEG	0	27	63	60
n02988304_436.JPEG	8	0	63	63
n02988304_346.JPEG	3	10	50	53
n02988304_331.JPEG	0	19	63	48
n02988304_352.JPEG	0	18	63	63
n02988304_433.JPEG	0	18	63	41
n02988304_54.JPEG	0	18	63	46
n02988304_384.JPEG	0	0	63	63
n02988304_276.JPEG	0	5	63	61
n02988304_32.JPEG	0	1	63	63
n02988304_138.JPEG	0	21	63	49
n02988304_245.JPEG	0	17	63	37
n02988304_234.JPEG	3	38	54	50
n02988304_200.JPEG	28	8	63	42
n02988304_33.JPEG	2	0	63	63
n02988304_21.JPEG	0	4	63	58
n02988304_259.JPEG	9	5	62	60
n02988304_231.JPEG	0	9	63	56
n02988304_84.JPEG	12	4	62	58
n02988304_73.JPEG	0	20	63	54
n02988304_359.JPEG	5	21	61	42
n02988304_247.JPEG	14	17	55	30
n02988304_34.JPEG	1	5	56	54
n02988304_74.JPEG	0	1	63	63
n02988304_18.JPEG	4	7	61	57
n02988304_36.JPEG	0	12	63	53
n02988304_333.JPEG	0	28	27	56
n02988304_191.JPEG	0	11	63	46
n02988304_175.JPEG	0	11	63	55
n02988304_223.JPEG	0	1	63	55
n02988304_489.JPEG	0	42	63	63
n02988304_290.JPEG	9	10	63	63
n02988304_56.JPEG	0	1	63	63
n02988304_69.JPEG	0	0	63	26
n02988304_389.JPEG	0	15	63	63
n02988304_480.JPEG	0	4	63	63
n02988304_311.JPEG	14	19	50	63
n02988304_184.JPEG	0	19	63	52
n02988304_375.JPEG	17	5	54	48
n02988304_107.JPEG	2	5	61	51
n02988304_390.JPEG	4	16	62	49
n02988304_131.JPEG	10	0	46	15
n02988304_348.JPEG	0	0	63	63
n02988304_76.JPEG	0	9	59	63
n02988304_368.JPEG	0	0	63	62
n02988304_144.JPEG	13	1	61	54
n02988304_198.JPEG	1	1	63	63
n02988304_494.JPEG	0	23	63	48
n02988304_142.JPEG	0	2	63	63
n02988304_19.JPEG	10	20	58	46
n02988304_297.JPEG	25	1	63	42
n02988304_68.JPEG	29	45	40	57
n02988304_48.JPEG	5	7	63	31
n02988304_258.JPEG	0	4	63	63
n02988304_106.JPEG	0	0	63	62
n02988304_392.JPEG	0	16	60	42
n02988304_364.JPEG	0	11	63	54
n02988304_224.JPEG	11	21	50	33
n02988304_387.JPEG	0	0	63	45
n02988304_6.JPEG	0	21	63	41
n02988304_409.JPEG	0	1	63	63
n02988304_66.JPEG	15	15	49	50
n02988304_486.JPEG	0	4	63	61
n02988304_293.JPEG	0	2	63	63
n02988304_474.JPEG	0	12	41	54
n02988304_225.JPEG	14	47	35	55
n02988304_204.JPEG	0	0	63	33
n02988304_407.JPEG	0	1	63	63
n02988304_457.JPEG	2	12	62	48
n02988304_454.JPEG	3	7	56	63
n02988304_218.JPEG	0	7	63	61
n02988304_452.JPEG	0	37	37	63
n02988304_240.JPEG	0	17	63	50
n02988304_4.JPEG	0	0	63	44
n02988304_11.JPEG	0	39	63	62
n02988304_410.JPEG	9	4	50	30
n02988304_369.JPEG	9	35	56	59
n02988304_156.JPEG	0	53	47	63
n02988304_164.JPEG	7	4	63	36
n02988304_361.JPEG	0	8	54	61
n02988304_133.JPEG	0	6	63	63
n02988304_268.JPEG	0	0	63	61
n02988304_266.JPEG	18	12	46	20
n02988304_39.JPEG	0	20	63	26
n02988304_451.JPEG	0	18	63	53
n02988304_282.JPEG	18	17	48	33
n02988304_95.JPEG	1	2	63	60
val_6265.JPEG	0	7	63	48
val_6210.JPEG	8	24	51	35
val_8830.JPEG	2	0	63	63
val_956.JPEG	0	2	63	63
val_9757.JPEG	0	0	63	63
val_9970.JPEG	0	0	63	35
val_7328.JPEG	0	5	63	63
val_6606.JPEG	0	24	18	41
val_482.JPEG	0	13	53	53
val_9969.JPEG	6	18	30	25
val_2296.JPEG	0	15	63	53
val_603.JPEG	46	29	63	37
val_7599.JPEG	6	38	46	53
val_5498.JPEG	0	10	63	38
val_375.JPEG	12	4	63	61
val_6436.JPEG	27	25	55	35
val_4094.JPEG	0	2	63	58
val_1448.JPEG	0	2	63	49
val_1550.JPEG	17	22	61	37
val_9365.JPEG	0	14	63	63
val_8304.JPEG	0	0	63	39
val_478.JPEG	0	0	63	63
val_5749.JPEG	0	2	63	60
val_6390.JPEG	0	6	63	55
val_7894.JPEG	4	17	58	45
val_5376.JPEG	0	12	63	63
val_1910.JPEG	6	2	63	63
val_8133.JPEG	24	4	59	25
val_4005.JPEG	0	0	63	43
val_330.JPEG	0	1	63	63
val_8886.JPEG	4	0	58	15
val_1686.JPEG	7	0	38	39
val_4142.JPEG	15	48	34	55
val_3914.JPEG	0	2	63	63
val_7574.JPEG	0	10	63	31
