n03770439_38.JPEG	6	29	26	44
n03770439_22.JPEG	28	26	51	42
n03770439_450.JPEG	23	26	41	35
n03770439_287.JPEG	5	15	54	63
n03770439_443.JPEG	8	12	38	56
n03770439_80.JPEG	9	40	33	59
n03770439_346.JPEG	24	33	40	48
n03770439_64.JPEG	19	13	45	44
n03770439_289.JPEG	21	14	47	50
n03770439_237.JPEG	17	33	30	42
n03770439_252.JPEG	17	21	39	38
n03770439_442.JPEG	24	30	45	47
n03770439_150.JPEG	10	12	55	43
n03770439_70.JPEG	20	22	40	42
n03770439_380.JPEG	25	29	37	40
n03770439_219.JPEG	12	25	55	63
n03770439_410.JPEG	26	21	50	40
n03770439_167.JPEG	9	0	53	33
n03770439_254.JPEG	23	20	42	37
n03770439_104.JPEG	24	43	39	54
n03770439_27.JPEG	28	25	55	50
n03770439_0.JPEG	7	20	47	52
n03770439_116.JPEG	15	21	42	46
n03770439_214.JPEG	22	20	45	41
n03770439_169.JPEG	12	47	50	63
n03770439_97.JPEG	13	36	45	54
n03770439_311.JPEG	25	27	36	37
n03770439_113.JPEG	11	0	37	26
n03770439_400.JPEG	32	37	48	53
n03770439_385.JPEG	16	38	35	55
n03770439_71.JPEG	17	0	42	18
n03770439_247.JPEG	22	26	35	37
n03770439_213.JPEG	16	30	42	47
n03770439_476.JPEG	27	22	45	40
n03770439_307.JPEG	28	28	41	42
n03770439_31.JPEG	9	39	31	50
n03770439_60.JPEG	20	34	40	43
n03770439_388.JPEG	21	38	43	62
n03770439_370.JPEG	3	0	41	0
n03770439_135.JPEG	19	33	29	41
n03770439_82.JPEG	21	25	43	44
n03770439_493.JPEG	11	15	45	34
n03770439_81.JPEG	24	8	49	21
n03770439_426.JPEG	20	22	44	42
n03770439_187.JPEG	0	0	47	24
n03770439_129.JPEG	17	2	63	60
n03770439_89.JPEG	13	7	53	40
n03770439_278.JPEG	17	26	52	37
n03770439_227.JPEG	15	24	50	49
n03770439_186.JPEG	15	26	42	46
n03770439_464.JPEG	22	20	44	45
n03770439_228.JPEG	21	25	51	44
n03770439_335.JPEG	18	17	44	34
n03770439_456.JPEG	29	26	48	39
n03770439_76.JPEG	38	29	51	41
n03770439_40.JPEG	9	40	39	63
n03770439_36.JPEG	5	12	61	45
n03770439_165.JPEG	29	22	34	28
n03770439_381.JPEG	36	46	48	55
n03770439_120.JPEG	25	25	45	38
n03770439_137.JPEG	18	33	50	62
n03770439_451.JPEG	24	10	41	27
n03770439_374.JPEG	1	29	37	63
n03770439_353.JPEG	26	35	39	43
n03770439_459.JPEG	24	9	38	40
n03770439_499.JPEG	21	24	52	40
n03770439_19.JPEG	20	27	46	53
n03770439_291.JPEG	25	20	41	42
n03770439_245.JPEG	15	7	32	40
n03770439_398.JPEG	18	31	40	46
n03770439_315.JPEG	28	3	59	22
n03770439_18.JPEG	11	10	57	52
n03770439_55.JPEG	23	40	39	56
n03770439_423.JPEG	25	44	62	63
n03770439_179.JPEG	25	24	44	40
n03770439_5.JPEG	19	28	40	48
n03770439_397.JPEG	15	0	43	19
n03770439_73.JPEG	20	21	36	35
n03770439_158.JPEG	44	27	56	37
n03770439_136.JPEG	6	28	30	42
n03770439_194.JPEG	20	12	52	35
n03770439_145.JPEG	0	18	19	63
n03770439_482.JPEG	25	0	63	13
n03770439_153.JPEG	25	1	63	26
n03770439_246.JPEG	17	29	42	43
n03770439_142.JPEG	35	18	55	48
n03770439_226.JPEG	3	0	60	44
n03770439_130.JPEG	21	47	51	63
n03770439_15.JPEG	17	24	39	52
n03770439_176.JPEG	16	31	31	44
n03770439_99.JPEG	0	17	39	56
n03770439_327.JPEG	22	17	41	31
n03770439_201.JPEG	14	59	40	63
n03770439_164.JPEG	27	28	48	44
n03770439_33.JPEG	27	43	47	52
n03770439_310.JPEG	28	24	45	39
n03770439_83.JPEG	20	23	35	35
n03770439_448.JPEG	3	0	63	6
n03770439_494.JPEG	34	27	57	46
n03770439_14.JPEG	4	37	25	51
n03770439_26.JPEG	35	28	47	46
n03770439_102.JPEG	11	31	39	58
n03770439_208.JPEG	22	31	40	52
n03770439_50.JPEG	16	49	39	63
n03770439_303.JPEG	9	28	26	54
n03770439_321.JPEG	10	33	58	56
n03770439_367.JPEG	16	28	35	41
n03770439_109.JPEG	39	37	52	43
n03770439_389.JPEG	27	35	47	51
n03770439_29.JPEG	31	25	46	38
n03770439_37.JPEG	23	23	39	37
n03770439_96.JPEG	0	7	63	53
n03770439_479.JPEG	23	0	51	5
n03770439_379.JPEG	12	26	56	51
n03770439_449.JPEG	3	0	62	0
n03770439_484.JPEG	4	7	52	42
n03770439_230.JPEG	0	46	23	63
n03770439_394.JPEG	23	27	41	41
n03770439_273.JPEG	30	22	53	51
n03770439_146.JPEG	6	12	52	42
n03770439_284.JPEG	19	24	44	47
n03770439_193.JPEG	11	22	37	40
n03770439_414.JPEG	19	29	40	43
n03770439_162.JPEG	8	7	45	41
n03770439_121.JPEG	30	38	37	45
n03770439_308.JPEG	24	24	46	41
n03770439_122.JPEG	7	27	28	45
n03770439_172.JPEG	22	29	38	38
n03770439_487.JPEG	19	4	55	31
n03770439_301.JPEG	17	26	39	43
n03770439_211.JPEG	13	19	45	48
n03770439_330.JPEG	2	6	57	41
n03770439_281.JPEG	37	2	63	21
n03770439_88.JPEG	25	42	45	59
n03770439_32.JPEG	23	28	41	39
n03770439_421.JPEG	22	32	44	43
n03770439_168.JPEG	16	45	47	63
n03770439_244.JPEG	0	38	63	63
n03770439_436.JPEG	1	5	61	63
n03770439_463.JPEG	12	29	51	63
n03770439_78.JPEG	20	45	41	57
n03770439_95.JPEG	23	30	45	50
n03770439_181.JPEG	26	33	53	52
n03770439_460.JPEG	33	35	57	51
n03770439_43.JPEG	26	20	50	39
n03770439_276.JPEG	45	46	59	59
n03770439_10.JPEG	17	20	46	46
n03770439_103.JPEG	13	17	49	53
n03770439_177.JPEG	22	34	34	45
n03770439_68.JPEG	17	0	49	37
n03770439_440.JPEG	0	11	63	56
n03770439_44.JPEG	40	21	59	43
n03770439_235.JPEG	9	31	27	48
n03770439_63.JPEG	19	20	54	48
n03770439_282.JPEG	14	20	57	50
n03770439_285.JPEG	19	46	41	61
n03770439_54.JPEG	20	34	42	50
n03770439_108.JPEG	10	36	35	61
n03770439_35.JPEG	7	30	20	41
n03770439_411.JPEG	14	29	37	51
n03770439_182.JPEG	25	23	48	41
n03770439_495.JPEG	3	30	46	59
n03770439_395.JPEG	23	47	63	63
n03770439_90.JPEG	21	19	39	33
n03770439_372.JPEG	19	48	49	63
n03770439_189.JPEG	17	32	34	50
n03770439_241.JPEG	0	51	19	63
n03770439_25.JPEG	20	45	52	63
n03770439_338.JPEG	20	19	42	35
n03770439_329.JPEG	15	3	61	40
n03770439_222.JPEG	22	19	45	37
n03770439_378.JPEG	2	0	43	19
n03770439_469.JPEG	0	47	63	63
n03770439_52.JPEG	3	16	32	44
n03770439_361.JPEG	20	14	51	47
n03770439_58.JPEG	0	0	63	45
n03770439_371.JPEG	24	29	38	50
n03770439_132.JPEG	4	15	43	49
n03770439_203.JPEG	7	2	63	45
n03770439_133.JPEG	24	14	48	35
n03770439_364.JPEG	20	44	43	60
n03770439_462.JPEG	31	36	49	56
n03770439_200.JPEG	21	25	39	40
n03770439_98.JPEG	25	28	45	41
n03770439_34.JPEG	6	16	57	52
n03770439_283.JPEG	20	42	54	62
n03770439_13.JPEG	46	17	63	29
n03770439_61.JPEG	12	21	32	38
n03770439_159.JPEG	6	0	47	20
n03770439_12.JPEG	29	41	41	52
n03770439_119.JPEG	20	42	41	56
n03770439_298.JPEG	13	46	47	63
n03770439_413.JPEG	27	30	41	39
n03770439_263.JPEG	28	26	46	42
n03770439_293.JPEG	38	37	52	52
n03770439_466.JPEG	24	46	61	63
n03770439_253.JPEG	24	4	57	40
n03770439_356.JPEG	22	36	43	51
n03770439_266.JPEG	20	28	36	34
n03770439_65.JPEG	16	41	47	63
n03770439_163.JPEG	46	23	63	63
n03770439_461.JPEG	23	22	59	48
n03770439_496.JPEG	19	43	43	58
n03770439_255.JPEG	34	0	60	18
n03770439_268.JPEG	23	29	43	41
n03770439_151.JPEG	20	37	33	59
n03770439_20.JPEG	10	29	39	52
n03770439_431.JPEG	32	23	51	38
n03770439_455.JPEG	21	25	40	44
n03770439_383.JPEG	19	13	63	41
n03770439_171.JPEG	30	43	59	63
n03770439_416.JPEG	14	32	34	50
n03770439_143.JPEG	19	46	40	61
n03770439_184.JPEG	12	16	49	51
n03770439_348.JPEG	18	14	48	32
n03770439_87.JPEG	24	7	45	41
n03770439_429.JPEG	15	33	36	55
n03770439_313.JPEG	10	31	32	63
n03770439_415.JPEG	25	22	41	33
n03770439_412.JPEG	3	6	50	41
n03770439_402.JPEG	14	31	37	46
n03770439_191.JPEG	22	29	41	56
n03770439_405.JPEG	19	41	39	54
n03770439_491.JPEG	1	28	44	63
n03770439_141.JPEG	23	26	46	46
n03770439_403.JPEG	4	0	45	2
n03770439_349.JPEG	1	35	34	53
n03770439_62.JPEG	34	38	47	54
n03770439_242.JPEG	25	23	51	48
n03770439_8.JPEG	12	39	49	63
n03770439_156.JPEG	6	44	43	63
n03770439_79.JPEG	16	0	44	17
n03770439_251.JPEG	11	8	55	40
n03770439_376.JPEG	17	42	60	63
n03770439_45.JPEG	18	44	46	63
n03770439_100.JPEG	18	34	35	50
n03770439_342.JPEG	10	26	33	47
n03770439_56.JPEG	55	0	63	30
n03770439_350.JPEG	32	56	61	63
n03770439_220.JPEG	27	40	41	44
n03770439_238.JPEG	9	43	48	63
n03770439_239.JPEG	24	43	50	55
n03770439_250.JPEG	29	17	43	38
n03770439_209.JPEG	16	14	45	45
n03770439_419.JPEG	2	35	37	63
n03770439_166.JPEG	31	29	63	57
n03770439_365.JPEG	0	1	63	62
n03770439_67.JPEG	22	27	44	48
n03770439_393.JPEG	29	38	43	57
n03770439_363.JPEG	7	26	21	38
n03770439_472.JPEG	14	21	31	38
n03770439_418.JPEG	16	26	44	36
n03770439_148.JPEG	0	11	63	51
n03770439_390.JPEG	22	31	30	40
n03770439_441.JPEG	14	23	35	41
n03770439_434.JPEG	17	30	46	55
n03770439_485.JPEG	43	26	55	34
n03770439_232.JPEG	14	50	40	63
n03770439_331.JPEG	6	25	28	40
n03770439_347.JPEG	15	0	58	15
n03770439_221.JPEG	23	19	38	31
n03770439_174.JPEG	23	23	41	45
n03770439_46.JPEG	23	14	49	38
n03770439_337.JPEG	1	1	63	57
n03770439_69.JPEG	10	20	49	47
n03770439_205.JPEG	31	25	47	40
n03770439_428.JPEG	1	17	43	52
n03770439_75.JPEG	28	33	48	42
n03770439_7.JPEG	21	29	45	47
n03770439_267.JPEG	23	32	46	46
n03770439_279.JPEG	24	29	46	38
n03770439_316.JPEG	15	0	63	23
n03770439_480.JPEG	29	28	44	41
n03770439_16.JPEG	23	27	41	42
n03770439_437.JPEG	24	30	43	47
n03770439_326.JPEG	13	31	40	44
n03770439_354.JPEG	10	36	55	63
n03770439_430.JPEG	10	28	34	44
n03770439_128.JPEG	25	30	38	39
n03770439_210.JPEG	1	6	42	60
n03770439_387.JPEG	17	4	53	40
n03770439_51.JPEG	3	0	63	63
n03770439_126.JPEG	22	41	46	63
n03770439_48.JPEG	12	6	57	54
n03770439_261.JPEG	0	0	43	15
n03770439_197.JPEG	1	17	36	49
n03770439_161.JPEG	18	27	38	42
n03770439_125.JPEG	25	29	37	38
n03770439_302.JPEG	14	18	33	35
n03770439_215.JPEG	0	33	29	63
n03770439_297.JPEG	43	45	52	53
n03770439_345.JPEG	11	22	43	49
n03770439_323.JPEG	14	36	30	51
n03770439_468.JPEG	14	1	50	11
n03770439_77.JPEG	30	32	43	45
n03770439_11.JPEG	24	26	51	49
n03770439_328.JPEG	14	16	49	38
n03770439_375.JPEG	22	42	49	60
n03770439_325.JPEG	39	30	55	41
n03770439_248.JPEG	14	41	37	58
n03770439_417.JPEG	28	25	48	38
n03770439_106.JPEG	20	30	37	38
n03770439_339.JPEG	19	17	39	32
n03770439_447.JPEG	17	48	45	63
n03770439_66.JPEG	0	6	63	60
n03770439_475.JPEG	23	16	49	50
n03770439_240.JPEG	30	35	36	39
n03770439_249.JPEG	31	27	51	48
n03770439_465.JPEG	22	27	36	38
n03770439_41.JPEG	23	24	49	38
n03770439_259.JPEG	24	24	38	45
n03770439_457.JPEG	21	31	35	43
n03770439_212.JPEG	25	41	51	59
n03770439_86.JPEG	1	14	63	63
n03770439_341.JPEG	13	29	49	55
n03770439_3.JPEG	48	54	63	63
n03770439_49.JPEG	5	27	16	37
n03770439_218.JPEG	12	24	34	40
n03770439_336.JPEG	26	35	39	46
n03770439_483.JPEG	0	0	63	38
n03770439_175.JPEG	14	24	35	39
n03770439_296.JPEG	23	16	53	42
n03770439_234.JPEG	23	31	43	44
n03770439_322.JPEG	0	5	21	42
n03770439_190.JPEG	19	6	58	42
n03770439_224.JPEG	19	49	61	63
n03770439_178.JPEG	14	35	44	46
n03770439_28.JPEG	14	21	32	38
n03770439_422.JPEG	23	22	38	38
n03770439_92.JPEG	33	20	55	41
n03770439_262.JPEG	16	39	31	50
n03770439_432.JPEG	0	21	45	57
n03770439_401.JPEG	25	24	45	37
n03770439_280.JPEG	0	11	63	53
n03770439_438.JPEG	42	35	63	63
n03770439_93.JPEG	2	15	33	50
n03770439_155.JPEG	23	25	41	45
n03770439_300.JPEG	31	24	53	38
n03770439_192.JPEG	30	24	53	38
n03770439_84.JPEG	17	27	41	45
n03770439_299.JPEG	20	12	52	36
n03770439_94.JPEG	48	26	59	38
n03770439_207.JPEG	0	5	63	63
n03770439_112.JPEG	23	30	37	39
n03770439_21.JPEG	24	30	38	43
n03770439_420.JPEG	22	41	34	57
n03770439_318.JPEG	9	0	37	14
n03770439_362.JPEG	16	0	50	9
n03770439_229.JPEG	23	54	55	62
n03770439_185.JPEG	35	43	56	58
val_2771.JPEG	22	28	41	39
val_8778.JPEG	18	26	59	52
val_4926.JPEG	15	45	50	63
val_1519.JPEG	15	0	45	12
val_3008.JPEG	14	9	48	41
val_5433.JPEG	26	20	42	34
val_5855.JPEG	3	17	31	37
val_4011.JPEG	4	7	62	52
val_8864.JPEG	26	23	40	38
val_2736.JPEG	12	19	42	42
val_3552.JPEG	20	2	36	38
val_3035.JPEG	8	47	29	63
val_7995.JPEG	13	49	34	63
val_8085.JPEG	20	32	39	42
val_7317.JPEG	13	28	42	56
val_6547.JPEG	26	34	45	50
val_3760.JPEG	27	29	49	62
val_8299.JPEG	10	38	27	49
val_6954.JPEG	23	25	38	38
val_9851.JPEG	17	6	51	35
val_5201.JPEG	16	43	43	63
val_6239.JPEG	22	26	44	42
val_9482.JPEG	25	29	40	43
val_6113.JPEG	13	0	47	8
val_6705.JPEG	0	0	59	0
val_6106.JPEG	13	0	47	16
val_4359.JPEG	12	25	29	37
val_6666.JPEG	13	0	63	63
val_2947.JPEG	24	25	41	45
val_7055.JPEG	18	31	34	42
val_1498.JPEG	29	29	41	36
val_318.JPEG	7	29	43	50
val_9703.JPEG	7	33	30	55
val_5332.JPEG	29	27	56	46
val_4363.JPEG	16	24	34	40
