n04328186_428.JPEG	12	13	47	59
n04328186_18.JPEG	11	10	55	54
n04328186_147.JPEG	46	21	62	43
n04328186_465.JPEG	0	16	20	63
n04328186_156.JPEG	6	29	18	38
n04328186_9.JPEG	6	0	63	63
n04328186_81.JPEG	28	38	41	55
n04328186_35.JPEG	19	16	42	49
n04328186_276.JPEG	18	19	50	45
n04328186_80.JPEG	23	13	43	46
n04328186_45.JPEG	21	19	39	42
n04328186_301.JPEG	32	14	61	49
n04328186_373.JPEG	21	15	46	43
n04328186_367.JPEG	1	0	63	63
n04328186_252.JPEG	24	40	43	52
n04328186_172.JPEG	45	25	63	50
n04328186_433.JPEG	0	0	63	63
n04328186_113.JPEG	5	24	63	63
n04328186_0.JPEG	10	0	63	63
n04328186_278.JPEG	22	15	46	47
n04328186_345.JPEG	30	16	52	45
n04328186_187.JPEG	14	20	44	50
n04328186_315.JPEG	4	0	60	63
n04328186_161.JPEG	0	5	57	50
n04328186_71.JPEG	1	3	60	59
n04328186_461.JPEG	5	0	59	63
n04328186_70.JPEG	12	3	53	61
n04328186_90.JPEG	13	8	58	55
n04328186_159.JPEG	0	0	63	63
n04328186_452.JPEG	3	8	63	63
n04328186_313.JPEG	2	0	61	63
n04328186_226.JPEG	0	4	63	63
n04328186_149.JPEG	41	10	63	41
n04328186_439.JPEG	0	9	62	58
n04328186_212.JPEG	0	0	63	63
n04328186_202.JPEG	0	4	59	63
n04328186_451.JPEG	0	8	51	63
n04328186_362.JPEG	24	0	57	42
n04328186_231.JPEG	4	0	61	63
n04328186_274.JPEG	12	3	60	46
n04328186_144.JPEG	10	22	62	63
n04328186_281.JPEG	19	20	50	46
n04328186_131.JPEG	21	2	51	29
n04328186_109.JPEG	14	15	54	38
n04328186_196.JPEG	31	4	63	45
n04328186_57.JPEG	5	5	59	59
n04328186_421.JPEG	0	6	63	63
n04328186_277.JPEG	5	0	59	63
n04328186_492.JPEG	58	39	63	60
n04328186_29.JPEG	11	2	58	53
n04328186_390.JPEG	4	0	63	63
n04328186_480.JPEG	9	2	57	61
n04328186_122.JPEG	29	53	36	61
n04328186_282.JPEG	0	1	59	63
n04328186_372.JPEG	8	9	38	37
n04328186_328.JPEG	23	14	53	46
n04328186_76.JPEG	0	0	63	63
n04328186_16.JPEG	17	9	49	54
n04328186_133.JPEG	2	27	41	46
n04328186_41.JPEG	16	16	50	50
n04328186_249.JPEG	0	0	63	63
n04328186_347.JPEG	11	14	30	38
n04328186_434.JPEG	15	1	49	46
n04328186_477.JPEG	5	0	59	63
n04328186_151.JPEG	13	1	47	56
n04328186_55.JPEG	24	7	45	37
n04328186_15.JPEG	6	12	34	44
n04328186_44.JPEG	6	0	59	63
n04328186_28.JPEG	1	19	60	59
n04328186_414.JPEG	44	8	63	32
n04328186_280.JPEG	1	0	63	63
n04328186_320.JPEG	9	6	45	46
n04328186_129.JPEG	2	0	62	46
n04328186_101.JPEG	4	1	62	57
n04328186_78.JPEG	25	8	39	36
n04328186_316.JPEG	3	0	63	63
n04328186_344.JPEG	2	0	62	63
n04328186_128.JPEG	23	8	63	53
n04328186_430.JPEG	23	24	63	63
n04328186_385.JPEG	2	0	62	63
n04328186_314.JPEG	20	19	44	49
n04328186_463.JPEG	0	3	63	63
n04328186_286.JPEG	1	2	56	63
n04328186_295.JPEG	11	8	52	63
n04328186_386.JPEG	5	0	59	58
n04328186_52.JPEG	4	0	62	63
n04328186_50.JPEG	4	0	59	63
n04328186_158.JPEG	1	0	63	63
n04328186_408.JPEG	1	0	62	63
n04328186_475.JPEG	23	4	63	58
n04328186_166.JPEG	0	9	26	53
n04328186_107.JPEG	19	26	43	53
n04328186_207.JPEG	0	16	38	54
n04328186_60.JPEG	0	5	63	53
n04328186_321.JPEG	4	0	61	60
n04328186_88.JPEG	13	4	51	63
n04328186_137.JPEG	4	1	59	58
n04328186_162.JPEG	29	34	50	55
n04328186_399.JPEG	5	0	63	60
n04328186_13.JPEG	8	0	63	63
n04328186_34.JPEG	15	6	62	61
n04328186_180.JPEG	0	6	63	63
n04328186_361.JPEG	0	1	53	42
n04328186_134.JPEG	0	0	63	63
n04328186_370.JPEG	0	0	63	63
n04328186_420.JPEG	0	13	51	58
n04328186_245.JPEG	0	0	63	63
n04328186_474.JPEG	0	2	63	63
n04328186_389.JPEG	2	10	41	51
n04328186_334.JPEG	20	40	41	60
n04328186_36.JPEG	47	26	63	55
n04328186_12.JPEG	26	7	48	49
n04328186_121.JPEG	8	0	63	60
n04328186_157.JPEG	0	7	63	58
n04328186_327.JPEG	9	29	37	55
n04328186_145.JPEG	1	9	56	61
n04328186_229.JPEG	43	8	60	37
n04328186_168.JPEG	5	0	53	58
n04328186_380.JPEG	13	1	52	63
n04328186_379.JPEG	17	14	51	52
n04328186_453.JPEG	19	0	52	31
n04328186_422.JPEG	25	31	48	52
n04328186_303.JPEG	0	17	63	47
n04328186_261.JPEG	12	2	46	48
n04328186_407.JPEG	22	16	44	58
n04328186_209.JPEG	3	0	63	61
n04328186_143.JPEG	0	0	63	63
n04328186_112.JPEG	0	1	63	63
n04328186_211.JPEG	1	1	63	63
n04328186_437.JPEG	41	22	54	33
n04328186_200.JPEG	19	14	38	26
n04328186_292.JPEG	3	16	63	63
n04328186_494.JPEG	17	1	63	63
n04328186_335.JPEG	20	30	34	44
n04328186_116.JPEG	36	40	63	62
n04328186_119.JPEG	1	8	31	42
n04328186_413.JPEG	10	0	53	53
n04328186_304.JPEG	0	0	61	63
n04328186_298.JPEG	0	0	63	63
n04328186_351.JPEG	7	10	62	63
n04328186_191.JPEG	14	0	51	39
n04328186_468.JPEG	8	10	45	43
n04328186_91.JPEG	0	28	40	63
n04328186_476.JPEG	17	3	37	28
n04328186_487.JPEG	33	12	63	58
n04328186_130.JPEG	7	0	59	63
n04328186_108.JPEG	0	8	63	57
n04328186_64.JPEG	0	0	63	63
n04328186_440.JPEG	0	10	61	54
n04328186_409.JPEG	0	20	33	63
n04328186_447.JPEG	6	2	41	42
n04328186_337.JPEG	1	1	63	63
n04328186_232.JPEG	0	19	40	54
n04328186_184.JPEG	1	0	63	63
n04328186_397.JPEG	0	15	63	63
n04328186_342.JPEG	8	10	54	56
n04328186_174.JPEG	17	4	55	47
n04328186_438.JPEG	3	4	61	63
n04328186_260.JPEG	0	0	63	63
n04328186_331.JPEG	32	16	54	41
n04328186_254.JPEG	2	20	61	55
n04328186_67.JPEG	11	6	63	63
n04328186_341.JPEG	12	17	63	63
n04328186_243.JPEG	38	40	56	59
n04328186_4.JPEG	0	0	63	63
n04328186_449.JPEG	0	1	63	48
n04328186_48.JPEG	26	37	39	55
n04328186_388.JPEG	0	0	63	63
n04328186_201.JPEG	4	0	63	63
n04328186_123.JPEG	0	1	63	63
n04328186_127.JPEG	9	4	48	53
n04328186_405.JPEG	17	24	29	45
n04328186_484.JPEG	12	0	43	39
n04328186_419.JPEG	24	4	50	22
n04328186_356.JPEG	11	13	61	47
n04328186_223.JPEG	0	0	62	63
n04328186_489.JPEG	12	9	34	23
n04328186_271.JPEG	34	43	53	63
n04328186_94.JPEG	0	0	63	63
n04328186_324.JPEG	22	24	50	43
n04328186_8.JPEG	22	1	63	48
n04328186_359.JPEG	33	12	63	49
n04328186_296.JPEG	0	0	63	63
n04328186_454.JPEG	26	20	39	32
n04328186_363.JPEG	37	37	52	45
n04328186_142.JPEG	7	10	54	54
n04328186_206.JPEG	2	11	30	40
n04328186_82.JPEG	7	1	63	63
n04328186_270.JPEG	28	4	63	45
n04328186_353.JPEG	0	0	63	63
n04328186_214.JPEG	19	15	47	42
n04328186_139.JPEG	0	11	27	46
n04328186_319.JPEG	4	10	63	55
n04328186_193.JPEG	11	14	63	49
n04328186_427.JPEG	3	0	55	63
n04328186_138.JPEG	19	16	27	24
n04328186_332.JPEG	46	46	53	51
n04328186_7.JPEG	14	1	53	47
n04328186_215.JPEG	6	0	58	63
n04328186_251.JPEG	44	48	63	63
n04328186_308.JPEG	38	33	61	62
n04328186_153.JPEG	0	4	63	62
n04328186_336.JPEG	17	41	41	63
n04328186_89.JPEG	37	0	51	12
n04328186_102.JPEG	17	18	35	39
n04328186_49.JPEG	18	20	52	51
n04328186_290.JPEG	0	4	54	63
n04328186_63.JPEG	0	25	36	59
n04328186_403.JPEG	0	0	63	63
n04328186_21.JPEG	0	6	63	63
n04328186_322.JPEG	36	11	63	39
n04328186_230.JPEG	11	13	58	57
n04328186_105.JPEG	11	1	51	54
n04328186_46.JPEG	13	0	62	47
n04328186_155.JPEG	5	0	41	34
n04328186_268.JPEG	7	3	60	63
n04328186_333.JPEG	4	7	63	53
n04328186_69.JPEG	0	7	51	56
n04328186_11.JPEG	7	4	57	63
n04328186_62.JPEG	7	1	58	63
n04328186_415.JPEG	0	16	24	63
n04328186_329.JPEG	4	4	58	63
n04328186_491.JPEG	5	4	60	61
n04328186_291.JPEG	8	0	56	63
n04328186_100.JPEG	18	3	48	39
n04328186_406.JPEG	7	1	55	63
n04328186_115.JPEG	9	7	53	56
n04328186_163.JPEG	0	9	63	56
n04328186_355.JPEG	3	0	63	57
n04328186_306.JPEG	1	0	63	63
n04328186_293.JPEG	0	5	47	39
n04328186_289.JPEG	23	5	63	60
n04328186_237.JPEG	7	0	63	63
n04328186_360.JPEG	22	12	54	47
n04328186_22.JPEG	22	38	50	63
n04328186_150.JPEG	0	0	58	63
n04328186_25.JPEG	17	14	49	48
n04328186_53.JPEG	1	0	62	63
n04328186_227.JPEG	21	0	41	25
n04328186_120.JPEG	0	0	63	63
n04328186_14.JPEG	7	2	62	62
n04328186_77.JPEG	2	0	62	63
n04328186_375.JPEG	0	18	31	58
n04328186_222.JPEG	21	15	63	63
n04328186_402.JPEG	0	6	38	55
n04328186_220.JPEG	7	6	54	62
n04328186_368.JPEG	0	4	63	63
n04328186_239.JPEG	27	10	63	51
n04328186_469.JPEG	0	0	63	63
n04328186_103.JPEG	15	25	31	46
n04328186_190.JPEG	0	1	63	63
n04328186_217.JPEG	0	7	58	58
n04328186_47.JPEG	5	0	63	60
n04328186_455.JPEG	0	8	63	63
n04328186_93.JPEG	6	0	63	63
n04328186_349.JPEG	4	0	63	63
n04328186_68.JPEG	30	18	47	41
n04328186_357.JPEG	0	8	63	54
n04328186_136.JPEG	21	34	55	63
n04328186_152.JPEG	0	1	61	50
n04328186_135.JPEG	12	1	46	43
n04328186_6.JPEG	0	15	63	63
n04328186_371.JPEG	0	11	63	63
n04328186_23.JPEG	0	0	63	63
n04328186_189.JPEG	5	24	32	52
n04328186_493.JPEG	20	3	44	45
n04328186_244.JPEG	0	0	63	63
n04328186_288.JPEG	30	22	55	55
n04328186_384.JPEG	0	0	63	63
n04328186_33.JPEG	1	1	63	63
n04328186_358.JPEG	0	21	14	49
n04328186_436.JPEG	17	9	47	50
n04328186_140.JPEG	6	4	57	60
n04328186_114.JPEG	2	8	62	53
n04328186_377.JPEG	8	0	63	63
n04328186_188.JPEG	0	7	63	63
n04328186_10.JPEG	10	4	51	60
n04328186_192.JPEG	11	0	29	25
n04328186_338.JPEG	7	0	59	63
n04328186_264.JPEG	28	26	56	60
n04328186_198.JPEG	2	0	59	63
n04328186_253.JPEG	1	0	63	63
n04328186_464.JPEG	21	2	58	54
n04328186_275.JPEG	12	0	54	45
n04328186_141.JPEG	2	0	59	63
n04328186_471.JPEG	1	1	63	63
n04328186_482.JPEG	9	0	53	63
n04328186_110.JPEG	26	0	38	10
n04328186_205.JPEG	28	3	56	36
n04328186_381.JPEG	3	0	61	63
n04328186_400.JPEG	0	1	63	63
n04328186_199.JPEG	1	34	50	63
n04328186_417.JPEG	2	1	63	57
n04328186_497.JPEG	17	2	48	63
n04328186_210.JPEG	0	1	30	50
n04328186_458.JPEG	0	1	63	63
n04328186_125.JPEG	0	0	63	63
n04328186_466.JPEG	13	6	55	60
n04328186_374.JPEG	3	13	26	39
n04328186_3.JPEG	22	12	61	62
n04328186_242.JPEG	10	3	55	62
n04328186_208.JPEG	25	5	63	63
n04328186_443.JPEG	0	0	63	63
n04328186_382.JPEG	15	0	53	33
n04328186_348.JPEG	2	16	33	42
n04328186_20.JPEG	12	17	55	48
n04328186_279.JPEG	21	42	39	63
n04328186_96.JPEG	38	0	63	53
n04328186_61.JPEG	0	0	63	63
n04328186_343.JPEG	0	16	31	59
n04328186_473.JPEG	1	6	58	63
n04328186_30.JPEG	0	0	63	60
n04328186_177.JPEG	28	35	49	58
n04328186_472.JPEG	0	16	30	54
n04328186_311.JPEG	0	4	30	46
n04328186_224.JPEG	0	2	63	63
n04328186_429.JPEG	17	0	50	63
n04328186_318.JPEG	12	14	51	58
n04328186_216.JPEG	10	2	51	63
n04328186_287.JPEG	2	32	32	63
n04328186_425.JPEG	10	10	50	56
n04328186_255.JPEG	0	11	63	63
n04328186_126.JPEG	6	16	61	63
n04328186_498.JPEG	5	0	60	63
n04328186_416.JPEG	21	6	49	46
n04328186_305.JPEG	19	20	44	46
n04328186_299.JPEG	35	20	58	38
n04328186_302.JPEG	11	0	56	63
n04328186_5.JPEG	7	0	59	63
n04328186_325.JPEG	23	0	43	47
n04328186_340.JPEG	6	0	62	63
n04328186_111.JPEG	3	3	60	60
n04328186_167.JPEG	8	0	59	63
n04328186_354.JPEG	10	0	63	58
n04328186_272.JPEG	15	5	63	63
n04328186_236.JPEG	9	0	55	63
n04328186_225.JPEG	0	1	24	36
n04328186_376.JPEG	28	17	51	45
n04328186_124.JPEG	14	10	50	48
n04328186_118.JPEG	12	4	39	44
n04328186_387.JPEG	29	48	36	57
n04328186_346.JPEG	40	19	63	51
n04328186_257.JPEG	15	13	47	54
n04328186_106.JPEG	38	12	63	57
n04328186_285.JPEG	0	11	63	57
n04328186_74.JPEG	25	7	60	52
n04328186_486.JPEG	0	0	42	63
n04328186_435.JPEG	3	0	62	54
n04328186_195.JPEG	1	0	63	63
n04328186_339.JPEG	32	20	63	59
val_416.JPEG	21	34	38	51
val_8478.JPEG	2	3	62	60
val_3364.JPEG	21	6	63	57
val_6101.JPEG	5	5	62	60
val_9564.JPEG	11	7	63	63
val_724.JPEG	13	11	42	51
val_135.JPEG	9	7	38	38
val_6278.JPEG	13	17	50	63
val_8173.JPEG	1	0	62	63
val_9767.JPEG	23	7	40	37
val_1960.JPEG	44	19	63	43
val_4475.JPEG	5	0	56	60
val_9151.JPEG	11	13	51	55
val_974.JPEG	0	11	63	63
val_7168.JPEG	0	9	63	62
val_7875.JPEG	11	0	55	55
val_1916.JPEG	13	10	54	60
val_6498.JPEG	14	13	63	60
val_3556.JPEG	18	19	31	37
val_3463.JPEG	23	1	52	37
val_1422.JPEG	11	2	63	60
val_9393.JPEG	16	11	49	48
val_5782.JPEG	0	17	48	63
val_7690.JPEG	18	36	50	63
val_6862.JPEG	16	19	37	40
val_3022.JPEG	29	19	31	21
val_5927.JPEG	5	5	55	63
val_4951.JPEG	0	0	62	62
val_362.JPEG	7	13	63	62
val_9006.JPEG	23	34	45	63
val_5480.JPEG	0	0	63	63
val_4990.JPEG	49	12	63	37
val_3081.JPEG	1	0	63	63
val_6093.JPEG	4	16	48	49
val_7505.JPEG	3	0	63	63
