n01910747_283.JPEG	0	1	63	63
n01910747_388.JPEG	0	16	63	51
n01910747_40.JPEG	0	23	63	58
n01910747_97.JPEG	5	0	63	55
n01910747_466.JPEG	21	4	54	59
n01910747_117.JPEG	17	24	46	52
n01910747_485.JPEG	0	2	63	62
n01910747_81.JPEG	41	6	63	53
n01910747_478.JPEG	11	15	55	63
n01910747_136.JPEG	2	0	12	2
n01910747_290.JPEG	22	2	63	44
n01910747_435.JPEG	11	12	59	60
n01910747_422.JPEG	11	17	45	42
n01910747_277.JPEG	20	14	47	53
n01910747_63.JPEG	14	14	60	41
n01910747_52.JPEG	32	33	45	46
n01910747_214.JPEG	0	1	63	63
n01910747_399.JPEG	6	9	55	56
n01910747_343.JPEG	0	1	63	63
n01910747_158.JPEG	0	0	63	61
n01910747_374.JPEG	0	0	1	40
n01910747_215.JPEG	17	0	52	41
n01910747_378.JPEG	0	0	32	46
n01910747_178.JPEG	1	0	62	63
n01910747_253.JPEG	17	0	60	63
n01910747_317.JPEG	3	9	63	63
n01910747_490.JPEG	0	3	39	42
n01910747_376.JPEG	0	12	63	63
n01910747_216.JPEG	44	0	53	10
n01910747_28.JPEG	16	4	55	54
n01910747_76.JPEG	0	0	53	59
n01910747_78.JPEG	13	35	50	63
n01910747_417.JPEG	0	35	19	63
n01910747_98.JPEG	0	15	63	63
n01910747_5.JPEG	20	22	43	49
n01910747_499.JPEG	17	19	44	41
n01910747_139.JPEG	38	16	55	32
n01910747_168.JPEG	1	25	55	63
n01910747_416.JPEG	20	17	58	50
n01910747_200.JPEG	16	24	47	49
n01910747_345.JPEG	0	3	63	63
n01910747_405.JPEG	0	5	29	53
n01910747_236.JPEG	17	7	40	40
n01910747_134.JPEG	0	8	49	56
n01910747_470.JPEG	0	0	63	58
n01910747_123.JPEG	3	0	63	50
n01910747_354.JPEG	0	12	53	59
n01910747_247.JPEG	21	11	47	63
n01910747_285.JPEG	9	24	46	63
n01910747_276.JPEG	29	0	63	52
n01910747_403.JPEG	20	9	63	63
n01910747_432.JPEG	0	0	63	63
n01910747_79.JPEG	11	24	23	48
n01910747_95.JPEG	0	0	63	63
n01910747_161.JPEG	10	1	62	59
n01910747_111.JPEG	0	4	63	63
n01910747_166.JPEG	0	13	63	45
n01910747_412.JPEG	0	0	63	63
n01910747_382.JPEG	17	12	63	63
n01910747_24.JPEG	0	5	55	63
n01910747_341.JPEG	15	6	45	63
n01910747_257.JPEG	0	9	57	63
n01910747_150.JPEG	0	4	63	61
n01910747_77.JPEG	1	8	59	47
n01910747_248.JPEG	0	1	63	55
n01910747_116.JPEG	15	5	63	63
n01910747_369.JPEG	0	0	54	55
n01910747_375.JPEG	13	30	54	63
n01910747_108.JPEG	0	25	43	63
n01910747_392.JPEG	2	0	58	63
n01910747_263.JPEG	1	11	61	63
n01910747_234.JPEG	14	22	63	46
n01910747_284.JPEG	16	18	60	63
n01910747_387.JPEG	3	7	62	58
n01910747_49.JPEG	0	5	63	63
n01910747_210.JPEG	9	3	63	51
n01910747_167.JPEG	26	13	62	46
n01910747_124.JPEG	0	7	57	63
n01910747_207.JPEG	0	2	63	63
n01910747_264.JPEG	0	9	63	56
n01910747_488.JPEG	0	16	60	43
n01910747_420.JPEG	6	1	63	60
n01910747_82.JPEG	9	8	58	63
n01910747_363.JPEG	10	24	48	48
n01910747_171.JPEG	15	7	53	57
n01910747_58.JPEG	20	15	49	42
n01910747_96.JPEG	2	23	62	52
n01910747_30.JPEG	27	1	63	63
n01910747_300.JPEG	10	11	57	47
n01910747_400.JPEG	26	15	56	43
n01910747_492.JPEG	0	9	63	63
n01910747_22.JPEG	8	6	58	51
n01910747_447.JPEG	21	0	47	63
n01910747_315.JPEG	0	1	62	63
n01910747_175.JPEG	0	1	63	63
n01910747_289.JPEG	3	9	57	60
n01910747_446.JPEG	11	0	58	63
n01910747_37.JPEG	10	39	32	62
n01910747_231.JPEG	10	8	50	63
n01910747_320.JPEG	15	14	40	41
n01910747_459.JPEG	3	17	60	63
n01910747_454.JPEG	13	4	53	63
n01910747_415.JPEG	0	7	63	55
n01910747_36.JPEG	2	0	61	63
n01910747_418.JPEG	38	21	63	54
n01910747_51.JPEG	0	19	63	62
n01910747_401.JPEG	8	0	61	63
n01910747_155.JPEG	21	16	55	53
n01910747_302.JPEG	4	7	60	53
n01910747_428.JPEG	0	0	52	60
n01910747_174.JPEG	0	0	63	63
n01910747_148.JPEG	0	4	57	57
n01910747_118.JPEG	31	22	63	59
n01910747_448.JPEG	12	5	63	62
n01910747_282.JPEG	0	0	63	63
n01910747_10.JPEG	0	4	55	62
n01910747_185.JPEG	0	2	63	63
n01910747_179.JPEG	7	29	53	63
n01910747_340.JPEG	0	11	63	53
n01910747_122.JPEG	19	3	63	36
n01910747_356.JPEG	34	2	63	52
n01910747_19.JPEG	0	0	63	42
n01910747_287.JPEG	6	8	58	59
n01910747_272.JPEG	7	14	62	55
n01910747_358.JPEG	34	1	63	45
n01910747_474.JPEG	25	31	47	60
n01910747_267.JPEG	0	0	63	60
n01910747_275.JPEG	17	16	42	34
n01910747_6.JPEG	0	16	62	49
n01910747_80.JPEG	9	17	40	63
n01910747_70.JPEG	3	4	38	37
n01910747_483.JPEG	0	0	58	56
n01910747_419.JPEG	1	8	53	54
n01910747_32.JPEG	15	38	37	63
n01910747_187.JPEG	14	0	63	63
n01910747_386.JPEG	5	1	63	63
n01910747_235.JPEG	0	13	63	49
n01910747_3.JPEG	11	7	39	45
n01910747_85.JPEG	23	0	60	30
n01910747_298.JPEG	0	0	52	63
n01910747_250.JPEG	0	6	63	60
n01910747_349.JPEG	10	0	52	63
n01910747_29.JPEG	11	7	63	58
n01910747_130.JPEG	16	0	63	61
n01910747_69.JPEG	6	44	28	63
n01910747_103.JPEG	17	0	46	50
n01910747_17.JPEG	14	31	63	63
n01910747_460.JPEG	15	6	63	63
n01910747_359.JPEG	36	21	63	58
n01910747_183.JPEG	14	45	24	57
n01910747_93.JPEG	6	47	29	63
n01910747_318.JPEG	6	19	61	57
n01910747_462.JPEG	0	3	57	63
n01910747_286.JPEG	23	17	49	37
n01910747_151.JPEG	6	37	34	54
n01910747_50.JPEG	5	0	56	63
n01910747_344.JPEG	8	29	46	63
n01910747_208.JPEG	0	0	63	48
n01910747_440.JPEG	8	15	60	52
n01910747_27.JPEG	11	5	56	63
n01910747_86.JPEG	6	21	31	38
n01910747_169.JPEG	18	19	39	40
n01910747_55.JPEG	5	0	46	63
n01910747_105.JPEG	19	0	54	60
n01910747_177.JPEG	0	0	42	32
n01910747_71.JPEG	3	0	43	56
n01910747_173.JPEG	4	0	56	56
n01910747_239.JPEG	10	16	60	60
n01910747_406.JPEG	0	18	63	60
n01910747_113.JPEG	3	5	52	47
n01910747_190.JPEG	9	27	44	63
n01910747_421.JPEG	21	23	49	48
n01910747_465.JPEG	19	22	44	43
n01910747_149.JPEG	5	29	35	63
n01910747_180.JPEG	33	22	63	63
n01910747_373.JPEG	0	0	63	63
n01910747_326.JPEG	0	27	31	63
n01910747_125.JPEG	21	0	58	63
n01910747_442.JPEG	0	29	26	63
n01910747_94.JPEG	0	7	63	63
n01910747_427.JPEG	1	3	63	63
n01910747_46.JPEG	7	1	63	63
n01910747_439.JPEG	0	1	63	34
n01910747_133.JPEG	2	1	63	63
n01910747_138.JPEG	8	6	57	59
n01910747_380.JPEG	0	1	63	63
n01910747_227.JPEG	15	2	50	46
n01910747_199.JPEG	0	0	57	63
n01910747_451.JPEG	17	13	61	40
n01910747_424.JPEG	1	8	43	39
n01910747_468.JPEG	11	15	54	56
n01910747_7.JPEG	11	19	48	60
n01910747_361.JPEG	11	10	63	62
n01910747_458.JPEG	24	16	58	54
n01910747_262.JPEG	0	1	55	43
n01910747_430.JPEG	3	15	50	63
n01910747_410.JPEG	33	49	39	63
n01910747_260.JPEG	0	5	62	61
n01910747_255.JPEG	10	0	26	63
n01910747_141.JPEG	0	6	50	63
n01910747_115.JPEG	0	1	52	63
n01910747_308.JPEG	4	0	43	38
n01910747_112.JPEG	0	1	63	59
n01910747_389.JPEG	0	5	46	38
n01910747_110.JPEG	5	10	52	30
n01910747_486.JPEG	17	11	63	56
n01910747_457.JPEG	9	10	56	63
n01910747_431.JPEG	17	9	63	51
n01910747_48.JPEG	4	12	58	54
n01910747_67.JPEG	3	0	38	63
n01910747_153.JPEG	5	9	44	55
n01910747_107.JPEG	0	1	30	45
n01910747_296.JPEG	18	1	49	39
n01910747_444.JPEG	0	10	63	63
n01910747_54.JPEG	3	22	63	59
n01910747_334.JPEG	0	22	47	58
n01910747_325.JPEG	17	17	52	43
n01910747_304.JPEG	13	25	27	40
n01910747_476.JPEG	24	21	41	43
n01910747_219.JPEG	0	4	63	59
n01910747_121.JPEG	11	1	63	54
n01910747_491.JPEG	0	1	63	63
n01910747_337.JPEG	19	9	63	50
n01910747_102.JPEG	7	1	58	59
n01910747_463.JPEG	0	2	63	63
n01910747_218.JPEG	1	1	63	63
n01910747_68.JPEG	12	15	50	50
n01910747_242.JPEG	0	0	63	63
n01910747_91.JPEG	6	0	57	63
n01910747_74.JPEG	12	22	63	63
n01910747_59.JPEG	21	20	59	63
n01910747_205.JPEG	4	16	39	45
n01910747_297.JPEG	33	11	59	40
n01910747_377.JPEG	2	14	62	52
n01910747_198.JPEG	5	3	57	49
n01910747_203.JPEG	0	1	63	60
n01910747_288.JPEG	1	6	48	61
n01910747_307.JPEG	5	14	54	54
n01910747_292.JPEG	12	0	63	63
n01910747_184.JPEG	1	0	63	63
n01910747_8.JPEG	12	6	45	40
n01910747_209.JPEG	0	0	63	59
n01910747_328.JPEG	3	0	63	63
n01910747_191.JPEG	4	5	63	63
n01910747_45.JPEG	6	0	29	21
n01910747_13.JPEG	0	0	49	45
n01910747_364.JPEG	0	0	63	58
n01910747_202.JPEG	12	17	53	63
n01910747_295.JPEG	28	20	52	41
n01910747_1.JPEG	12	0	51	62
n01910747_390.JPEG	0	3	63	63
n01910747_25.JPEG	0	5	60	63
n01910747_165.JPEG	3	14	44	53
n01910747_18.JPEG	14	31	24	57
n01910747_23.JPEG	18	1	39	20
n01910747_233.JPEG	17	22	50	46
n01910747_327.JPEG	0	10	63	60
n01910747_423.JPEG	7	10	59	63
n01910747_26.JPEG	0	1	63	63
n01910747_429.JPEG	0	19	63	58
n01910747_195.JPEG	0	0	47	63
n01910747_213.JPEG	0	2	49	57
n01910747_414.JPEG	0	0	63	46
n01910747_381.JPEG	14	3	43	42
n01910747_162.JPEG	0	0	63	57
n01910747_261.JPEG	0	24	63	53
n01910747_409.JPEG	0	7	41	63
n01910747_370.JPEG	1	2	63	60
n01910747_453.JPEG	1	10	63	46
n01910747_72.JPEG	17	16	63	40
n01910747_461.JPEG	10	0	58	63
n01910747_347.JPEG	63	24	63	44
n01910747_396.JPEG	5	6	61	58
n01910747_44.JPEG	0	0	55	58
n01910747_394.JPEG	0	6	63	59
n01910747_413.JPEG	10	16	62	60
n01910747_194.JPEG	13	26	43	52
n01910747_268.JPEG	10	0	63	63
n01910747_147.JPEG	1	16	50	63
n01910747_480.JPEG	2	28	63	63
n01910747_355.JPEG	0	0	63	63
n01910747_217.JPEG	10	15	45	55
n01910747_312.JPEG	0	0	30	28
n01910747_293.JPEG	7	3	52	63
n01910747_189.JPEG	37	3	63	60
n01910747_15.JPEG	1	0	61	63
n01910747_393.JPEG	0	3	60	59
n01910747_271.JPEG	7	1	63	62
n01910747_391.JPEG	11	27	55	51
n01910747_473.JPEG	5	0	57	63
n01910747_493.JPEG	6	5	56	63
n01910747_352.JPEG	18	16	58	51
n01910747_441.JPEG	0	7	55	63
n01910747_243.JPEG	45	23	61	39
n01910747_372.JPEG	8	0	58	63
n01910747_245.JPEG	5	0	42	33
n01910747_455.JPEG	22	12	63	53
n01910747_319.JPEG	44	10	62	29
n01910747_106.JPEG	20	20	50	62
n01910747_4.JPEG	16	22	33	53
n01910747_176.JPEG	5	8	63	63
n01910747_92.JPEG	3	3	61	62
n01910747_90.JPEG	11	9	55	48
n01910747_254.JPEG	9	0	55	63
n01910747_306.JPEG	9	11	56	42
n01910747_346.JPEG	1	0	63	63
n01910747_137.JPEG	14	20	58	54
n01910747_471.JPEG	8	8	19	18
n01910747_309.JPEG	3	5	63	61
n01910747_21.JPEG	1	9	50	63
n01910747_193.JPEG	26	25	41	53
n01910747_498.JPEG	18	25	37	49
n01910747_33.JPEG	14	3	57	63
n01910747_53.JPEG	12	9	38	34
n01910747_385.JPEG	0	0	63	63
n01910747_335.JPEG	9	0	55	63
n01910747_61.JPEG	0	21	47	54
n01910747_299.JPEG	18	12	37	30
n01910747_229.JPEG	63	10	63	20
n01910747_438.JPEG	10	17	54	63
n01910747_265.JPEG	21	10	63	63
n01910747_246.JPEG	14	24	53	50
n01910747_339.JPEG	1	0	63	63
n01910747_437.JPEG	0	1	63	53
n01910747_60.JPEG	6	0	63	63
n01910747_211.JPEG	10	10	51	49
n01910747_266.JPEG	0	5	63	47
n01910747_197.JPEG	2	14	63	60
n01910747_379.JPEG	30	25	63	54
n01910747_119.JPEG	14	7	49	53
n01910747_170.JPEG	0	0	63	63
n01910747_220.JPEG	0	6	63	59
n01910747_143.JPEG	13	0	55	56
n01910747_56.JPEG	8	13	63	63
n01910747_188.JPEG	19	13	60	57
n01910747_100.JPEG	0	4	62	56
n01910747_154.JPEG	19	11	60	55
n01910747_159.JPEG	0	10	58	63
n01910747_479.JPEG	14	8	49	59
n01910747_436.JPEG	40	32	61	54
n01910747_104.JPEG	6	10	63	43
n01910747_269.JPEG	17	8	54	63
n01910747_305.JPEG	0	0	63	62
n01910747_34.JPEG	0	0	63	62
n01910747_43.JPEG	3	3	55	60
n01910747_152.JPEG	0	0	47	54
n01910747_496.JPEG	26	7	62	57
n01910747_311.JPEG	17	17	41	39
n01910747_75.JPEG	10	0	55	63
n01910747_489.JPEG	24	28	57	60
val_7804.JPEG	6	1	63	55
val_2608.JPEG	0	0	63	57
val_4496.JPEG	16	20	50	45
val_6783.JPEG	1	5	63	62
val_9885.JPEG	37	27	54	50
val_6822.JPEG	0	40	36	63
val_7424.JPEG	23	21	52	52
val_8354.JPEG	14	17	59	58
val_1053.JPEG	7	0	61	63
val_2014.JPEG	0	20	59	55
val_3793.JPEG	7	1	63	46
val_1086.JPEG	13	19	62	54
val_9390.JPEG	24	21	57	63
val_3383.JPEG	0	0	63	63
val_6634.JPEG	0	1	63	63
val_3521.JPEG	16	12	63	43
val_3041.JPEG	1	16	63	54
val_5957.JPEG	0	8	63	48
val_5379.JPEG	16	5	59	62
val_7671.JPEG	0	12	63	63
val_5781.JPEG	41	29	63	63
val_3947.JPEG	0	9	55	53
val_7881.JPEG	1	0	63	63
val_5250.JPEG	33	6	38	11
val_7951.JPEG	0	2	63	63
val_1376.JPEG	0	14	59	47
val_8909.JPEG	0	7	13	25
val_4466.JPEG	5	16	63	56
val_5411.JPEG	10	6	59	52
val_4260.JPEG	4	10	39	42
val_384.JPEG	3	0	63	57
val_9535.JPEG	0	19	63	55
val_9782.JPEG	4	0	54	63
val_3759.JPEG	8	10	57	51
val_4876.JPEG	0	1	63	53
