n03250847_61.JPEG	41	2	62	30
n03250847_420.JPEG	17	16	56	40
n03250847_5.JPEG	16	26	55	63
n03250847_18.JPEG	16	0	23	39
n03250847_73.JPEG	10	40	63	63
n03250847_228.JPEG	12	25	45	43
n03250847_315.JPEG	42	21	48	43
n03250847_294.JPEG	0	12	63	20
n03250847_36.JPEG	0	5	63	57
n03250847_474.JPEG	33	47	43	63
n03250847_318.JPEG	28	7	63	41
n03250847_263.JPEG	25	46	52	53
n03250847_362.JPEG	2	0	45	63
n03250847_186.JPEG	63	41	63	61
n03250847_163.JPEG	13	46	33	63
n03250847_364.JPEG	22	27	33	34
n03250847_102.JPEG	0	16	42	28
n03250847_158.JPEG	1	32	36	36
n03250847_31.JPEG	1	0	63	63
n03250847_341.JPEG	12	0	52	11
n03250847_43.JPEG	45	16	57	54
n03250847_195.JPEG	4	19	63	45
n03250847_455.JPEG	0	34	27	43
n03250847_88.JPEG	21	30	39	46
n03250847_224.JPEG	0	27	63	36
n03250847_342.JPEG	0	5	63	52
n03250847_231.JPEG	0	29	29	38
n03250847_50.JPEG	28	27	63	40
n03250847_288.JPEG	18	11	26	56
n03250847_220.JPEG	9	16	59	41
n03250847_462.JPEG	42	49	63	54
n03250847_203.JPEG	11	3	34	63
n03250847_435.JPEG	33	26	41	36
n03250847_133.JPEG	33	33	63	57
n03250847_377.JPEG	55	20	57	35
n03250847_64.JPEG	1	16	39	39
n03250847_239.JPEG	2	39	55	61
n03250847_283.JPEG	19	7	22	41
n03250847_156.JPEG	0	37	39	56
n03250847_381.JPEG	14	23	47	61
n03250847_98.JPEG	0	28	63	63
n03250847_106.JPEG	15	47	28	51
n03250847_353.JPEG	0	2	63	63
n03250847_251.JPEG	12	11	50	63
n03250847_41.JPEG	0	8	63	40
n03250847_40.JPEG	0	11	52	51
n03250847_83.JPEG	14	0	42	39
n03250847_310.JPEG	0	14	63	30
n03250847_319.JPEG	3	0	63	10
n03250847_136.JPEG	0	4	63	52
n03250847_233.JPEG	9	14	32	37
n03250847_416.JPEG	41	40	63	62
n03250847_312.JPEG	29	11	63	39
n03250847_467.JPEG	7	28	60	62
n03250847_311.JPEG	2	30	63	40
n03250847_479.JPEG	33	51	48	55
n03250847_226.JPEG	34	9	42	32
n03250847_394.JPEG	7	15	12	44
n03250847_29.JPEG	0	39	63	63
n03250847_290.JPEG	0	22	63	49
n03250847_466.JPEG	24	29	32	34
n03250847_404.JPEG	5	0	58	24
n03250847_356.JPEG	0	26	63	38
n03250847_317.JPEG	24	54	40	63
n03250847_119.JPEG	6	1	63	63
n03250847_307.JPEG	31	7	45	27
n03250847_261.JPEG	0	23	63	48
n03250847_277.JPEG	0	10	63	42
n03250847_461.JPEG	42	11	43	26
n03250847_51.JPEG	0	10	56	63
n03250847_87.JPEG	19	12	45	30
n03250847_124.JPEG	0	13	54	44
n03250847_212.JPEG	12	3	32	57
n03250847_101.JPEG	21	14	30	63
n03250847_114.JPEG	4	36	37	63
n03250847_72.JPEG	5	10	63	44
n03250847_405.JPEG	0	35	63	55
n03250847_111.JPEG	0	13	26	52
n03250847_130.JPEG	4	2	27	34
n03250847_419.JPEG	2	2	29	46
n03250847_246.JPEG	1	30	63	44
n03250847_339.JPEG	22	13	29	42
n03250847_100.JPEG	26	6	39	63
n03250847_167.JPEG	8	8	22	29
n03250847_139.JPEG	0	27	63	35
n03250847_151.JPEG	33	63	50	63
n03250847_379.JPEG	0	0	61	29
n03250847_24.JPEG	1	34	11	36
n03250847_176.JPEG	43	33	56	46
n03250847_267.JPEG	27	0	40	63
n03250847_365.JPEG	0	1	63	63
n03250847_300.JPEG	0	8	17	44
n03250847_303.JPEG	0	9	63	13
n03250847_271.JPEG	0	21	63	34
n03250847_74.JPEG	50	28	63	63
n03250847_55.JPEG	0	16	63	29
n03250847_249.JPEG	13	15	20	36
n03250847_464.JPEG	0	36	63	58
n03250847_63.JPEG	13	34	42	42
n03250847_65.JPEG	53	7	60	63
n03250847_17.JPEG	32	3	40	16
n03250847_458.JPEG	0	3	63	24
n03250847_191.JPEG	21	51	23	62
n03250847_229.JPEG	9	20	61	62
n03250847_412.JPEG	0	53	14	61
n03250847_210.JPEG	0	1	63	22
n03250847_344.JPEG	63	19	63	28
n03250847_11.JPEG	0	26	63	30
n03250847_14.JPEG	0	13	63	54
n03250847_314.JPEG	0	2	63	62
n03250847_254.JPEG	0	8	63	43
n03250847_47.JPEG	0	21	63	42
n03250847_216.JPEG	23	0	54	39
n03250847_60.JPEG	0	33	45	37
n03250847_449.JPEG	44	44	50	63
n03250847_247.JPEG	7	0	18	20
n03250847_286.JPEG	0	2	63	48
n03250847_131.JPEG	20	0	29	9
n03250847_497.JPEG	17	6	26	63
n03250847_499.JPEG	40	19	55	31
n03250847_347.JPEG	3	47	8	62
n03250847_397.JPEG	26	1	50	39
n03250847_305.JPEG	23	5	25	48
n03250847_494.JPEG	13	14	50	49
n03250847_145.JPEG	0	1	63	39
n03250847_182.JPEG	0	35	63	43
n03250847_306.JPEG	0	34	63	39
n03250847_166.JPEG	11	0	30	63
n03250847_382.JPEG	16	0	38	63
n03250847_206.JPEG	20	5	24	28
n03250847_414.JPEG	0	6	49	53
n03250847_481.JPEG	4	1	63	30
n03250847_258.JPEG	0	1	63	46
n03250847_451.JPEG	16	29	36	48
n03250847_380.JPEG	0	25	63	46
n03250847_388.JPEG	7	4	63	63
n03250847_485.JPEG	1	0	34	63
n03250847_68.JPEG	0	28	63	39
n03250847_129.JPEG	22	45	43	56
n03250847_465.JPEG	1	0	20	28
n03250847_424.JPEG	39	6	63	20
n03250847_202.JPEG	0	22	43	51
n03250847_48.JPEG	7	11	63	40
n03250847_282.JPEG	1	0	63	63
n03250847_309.JPEG	6	0	14	40
n03250847_299.JPEG	0	31	63	43
n03250847_71.JPEG	36	54	56	63
n03250847_200.JPEG	0	21	32	30
n03250847_291.JPEG	0	28	40	59
n03250847_437.JPEG	15	21	41	63
n03250847_452.JPEG	3	2	58	22
n03250847_407.JPEG	28	17	41	63
n03250847_480.JPEG	0	0	38	58
n03250847_243.JPEG	11	2	36	44
n03250847_351.JPEG	44	19	53	41
n03250847_352.JPEG	0	1	63	63
n03250847_429.JPEG	6	9	54	52
n03250847_197.JPEG	26	20	63	55
n03250847_2.JPEG	7	0	55	63
n03250847_439.JPEG	38	43	53	56
n03250847_430.JPEG	0	15	63	63
n03250847_118.JPEG	5	9	63	41
n03250847_367.JPEG	36	28	44	32
n03250847_374.JPEG	38	35	53	38
n03250847_255.JPEG	1	37	63	54
n03250847_91.JPEG	30	16	38	51
n03250847_457.JPEG	27	52	63	59
n03250847_137.JPEG	0	21	63	31
n03250847_422.JPEG	15	12	30	48
n03250847_434.JPEG	0	25	63	42
n03250847_147.JPEG	0	48	63	52
n03250847_269.JPEG	0	29	49	52
n03250847_471.JPEG	47	19	55	46
n03250847_218.JPEG	0	21	63	60
n03250847_80.JPEG	0	35	54	52
n03250847_66.JPEG	0	34	63	54
n03250847_487.JPEG	29	17	36	34
n03250847_402.JPEG	1	11	12	18
n03250847_433.JPEG	32	9	37	31
n03250847_343.JPEG	17	33	45	63
n03250847_448.JPEG	14	11	51	63
n03250847_208.JPEG	0	12	57	49
n03250847_235.JPEG	0	10	34	35
n03250847_363.JPEG	0	14	54	34
n03250847_157.JPEG	15	28	63	53
n03250847_33.JPEG	0	6	32	24
n03250847_262.JPEG	0	29	63	33
n03250847_252.JPEG	0	21	63	41
n03250847_440.JPEG	32	26	52	63
n03250847_22.JPEG	18	10	39	21
n03250847_109.JPEG	0	5	63	41
n03250847_358.JPEG	0	1	63	34
n03250847_201.JPEG	0	14	20	49
n03250847_95.JPEG	28	7	31	30
n03250847_478.JPEG	19	7	35	18
n03250847_8.JPEG	0	19	63	62
n03250847_125.JPEG	0	26	63	33
n03250847_179.JPEG	12	42	18	57
n03250847_495.JPEG	38	6	56	39
n03250847_427.JPEG	0	37	45	63
n03250847_281.JPEG	0	4	63	63
n03250847_399.JPEG	29	45	54	63
n03250847_348.JPEG	5	25	63	37
n03250847_483.JPEG	20	3	52	18
n03250847_396.JPEG	0	30	21	51
n03250847_331.JPEG	0	17	45	41
n03250847_301.JPEG	31	30	34	52
n03250847_181.JPEG	39	4	63	19
n03250847_444.JPEG	24	22	42	45
n03250847_237.JPEG	0	4	63	62
n03250847_12.JPEG	34	0	50	50
n03250847_161.JPEG	0	27	45	60
n03250847_45.JPEG	0	6	3	30
n03250847_117.JPEG	12	5	63	60
n03250847_409.JPEG	0	6	63	63
n03250847_355.JPEG	16	18	45	54
n03250847_335.JPEG	0	5	50	38
n03250847_338.JPEG	10	0	55	63
n03250847_168.JPEG	28	7	38	63
n03250847_368.JPEG	3	18	29	59
n03250847_387.JPEG	28	4	41	52
n03250847_3.JPEG	30	13	48	20
n03250847_250.JPEG	34	34	48	39
n03250847_227.JPEG	58	0	63	59
n03250847_86.JPEG	54	0	60	30
n03250847_175.JPEG	21	5	36	24
n03250847_425.JPEG	0	22	63	34
n03250847_138.JPEG	0	30	54	63
n03250847_322.JPEG	42	19	49	63
n03250847_59.JPEG	1	0	62	28
n03250847_204.JPEG	23	33	39	49
n03250847_236.JPEG	0	24	63	51
n03250847_185.JPEG	16	60	25	63
n03250847_30.JPEG	14	27	26	63
n03250847_417.JPEG	23	24	40	32
n03250847_428.JPEG	18	24	25	33
n03250847_383.JPEG	13	24	44	55
n03250847_172.JPEG	40	7	63	16
n03250847_160.JPEG	33	4	63	56
n03250847_162.JPEG	34	30	40	59
n03250847_472.JPEG	30	0	41	63
n03250847_256.JPEG	27	18	53	44
n03250847_475.JPEG	7	0	63	63
n03250847_90.JPEG	23	40	63	59
n03250847_58.JPEG	34	58	49	63
n03250847_266.JPEG	42	32	55	45
n03250847_320.JPEG	0	9	62	45
n03250847_141.JPEG	28	26	41	36
n03250847_26.JPEG	19	39	63	63
n03250847_264.JPEG	43	11	47	18
n03250847_350.JPEG	19	38	63	42
n03250847_209.JPEG	8	63	63	63
n03250847_276.JPEG	39	5	62	56
n03250847_27.JPEG	14	42	47	63
n03250847_398.JPEG	17	33	56	51
n03250847_93.JPEG	38	33	63	63
n03250847_107.JPEG	0	17	56	44
n03250847_77.JPEG	0	35	49	49
n03250847_447.JPEG	30	23	41	63
n03250847_34.JPEG	19	3	46	63
n03250847_196.JPEG	28	16	53	52
n03250847_333.JPEG	43	34	58	40
n03250847_477.JPEG	22	22	27	37
n03250847_69.JPEG	19	3	41	63
n03250847_297.JPEG	4	15	63	24
n03250847_234.JPEG	28	0	47	63
n03250847_223.JPEG	39	5	56	14
n03250847_19.JPEG	1	0	61	63
n03250847_321.JPEG	15	15	39	36
n03250847_142.JPEG	30	52	54	55
n03250847_408.JPEG	0	61	20	63
n03250847_38.JPEG	22	49	26	55
n03250847_395.JPEG	33	12	52	63
n03250847_302.JPEG	0	24	63	55
n03250847_150.JPEG	0	2	20	50
n03250847_104.JPEG	17	20	39	51
n03250847_15.JPEG	27	0	36	0
n03250847_193.JPEG	53	44	63	46
n03250847_403.JPEG	0	24	44	32
n03250847_360.JPEG	29	2	60	46
n03250847_476.JPEG	50	7	56	36
n03250847_285.JPEG	42	20	61	63
n03250847_103.JPEG	23	14	63	36
n03250847_372.JPEG	28	22	37	33
n03250847_359.JPEG	14	37	63	44
n03250847_120.JPEG	0	3	63	40
n03250847_426.JPEG	0	32	0	41
n03250847_273.JPEG	60	1	63	63
n03250847_248.JPEG	0	14	58	54
n03250847_32.JPEG	28	0	46	63
n03250847_23.JPEG	0	1	6	47
n03250847_173.JPEG	41	6	63	63
n03250847_132.JPEG	28	30	33	59
n03250847_328.JPEG	2	40	25	49
n03250847_393.JPEG	0	42	63	53
n03250847_326.JPEG	14	28	23	36
n03250847_385.JPEG	32	1	54	20
n03250847_153.JPEG	0	1	63	60
n03250847_346.JPEG	26	0	54	63
n03250847_89.JPEG	0	22	63	60
n03250847_443.JPEG	0	25	28	43
n03250847_432.JPEG	29	9	41	35
n03250847_275.JPEG	0	5	63	63
n03250847_245.JPEG	0	16	63	53
n03250847_189.JPEG	18	26	27	34
n03250847_496.JPEG	0	11	63	50
n03250847_454.JPEG	0	0	63	12
n03250847_230.JPEG	10	10	57	63
n03250847_386.JPEG	3	17	63	23
n03250847_154.JPEG	14	31	37	42
n03250847_194.JPEG	1	8	46	44
n03250847_423.JPEG	42	30	58	44
n03250847_323.JPEG	15	0	48	32
n03250847_192.JPEG	11	40	44	56
n03250847_436.JPEG	0	26	63	48
n03250847_357.JPEG	0	30	29	39
n03250847_116.JPEG	1	0	27	36
n03250847_96.JPEG	30	37	52	51
n03250847_165.JPEG	2	21	63	59
n03250847_213.JPEG	0	37	63	42
n03250847_183.JPEG	30	5	63	20
n03250847_199.JPEG	28	19	31	36
n03250847_278.JPEG	46	29	63	45
n03250847_284.JPEG	0	5	63	54
n03250847_140.JPEG	17	3	47	57
n03250847_463.JPEG	7	43	63	49
n03250847_410.JPEG	0	26	26	56
n03250847_1.JPEG	12	13	18	21
n03250847_164.JPEG	25	11	52	63
n03250847_67.JPEG	0	0	59	63
n03250847_295.JPEG	22	10	63	63
n03250847_52.JPEG	15	11	37	51
n03250847_7.JPEG	0	18	51	62
n03250847_187.JPEG	25	11	63	63
n03250847_489.JPEG	23	25	63	38
n03250847_330.JPEG	22	26	29	30
n03250847_324.JPEG	32	0	56	63
n03250847_445.JPEG	30	25	43	37
n03250847_219.JPEG	3	0	28	63
n03250847_135.JPEG	0	20	40	49
n03250847_10.JPEG	16	32	53	37
n03250847_340.JPEG	23	13	35	30
n03250847_401.JPEG	34	31	63	46
n03250847_334.JPEG	13	13	43	44
n03250847_289.JPEG	0	6	63	40
n03250847_221.JPEG	12	0	63	50
n03250847_366.JPEG	5	0	53	46
n03250847_127.JPEG	11	0	57	29
n03250847_337.JPEG	34	23	40	56
n03250847_115.JPEG	0	11	63	43
val_9610.JPEG	7	36	63	63
val_8421.JPEG	6	9	45	17
val_8236.JPEG	33	24	35	63
val_8779.JPEG	0	29	44	37
val_2558.JPEG	22	6	30	10
val_3951.JPEG	1	26	6	63
val_1392.JPEG	45	26	49	52
val_6841.JPEG	0	22	36	35
val_1037.JPEG	0	1	63	44
val_1731.JPEG	6	9	20	27
val_3405.JPEG	36	6	42	15
val_9140.JPEG	0	13	63	46
val_6279.JPEG	0	6	33	28
val_969.JPEG	37	14	45	37
val_8149.JPEG	0	13	63	60
val_1781.JPEG	0	23	11	29
val_5024.JPEG	25	6	46	55
val_7734.JPEG	0	11	63	53
val_9795.JPEG	0	24	63	57
val_6293.JPEG	24	0	41	63
val_1642.JPEG	33	33	59	63
val_6183.JPEG	20	0	49	63
val_403.JPEG	13	40	29	43
val_4997.JPEG	21	0	45	63
val_8644.JPEG	1	27	39	63
val_6937.JPEG	10	9	32	14
val_6096.JPEG	9	44	39	50
val_3073.JPEG	18	18	45	29
val_4330.JPEG	5	18	40	46
val_57.JPEG	37	38	63	52
val_6171.JPEG	40	0	56	47
val_7698.JPEG	10	4	36	23
val_6317.JPEG	0	27	63	39
val_4610.JPEG	0	0	6	37
val_495.JPEG	0	10	57	32
