n09428293_484.JPEG	0	34	63	42
n09428293_151.JPEG	26	1	63	18
n09428293_6.JPEG	0	27	63	63
n09428293_187.JPEG	0	18	63	63
n09428293_316.JPEG	0	26	63	63
n09428293_417.JPEG	0	32	63	63
n09428293_275.JPEG	0	13	63	63
n09428293_294.JPEG	0	38	63	63
n09428293_479.JPEG	11	33	63	63
n09428293_470.JPEG	0	45	63	63
n09428293_245.JPEG	59	19	63	24
n09428293_223.JPEG	0	9	63	63
n09428293_451.JPEG	0	34	63	63
n09428293_138.JPEG	0	39	63	63
n09428293_458.JPEG	0	26	63	63
n09428293_359.JPEG	0	1	63	25
n09428293_382.JPEG	0	35	63	51
n09428293_195.JPEG	0	42	61	63
n09428293_164.JPEG	0	35	63	63
n09428293_472.JPEG	0	41	63	63
n09428293_220.JPEG	0	12	63	63
n09428293_499.JPEG	0	31	44	42
n09428293_331.JPEG	0	17	63	45
n09428293_352.JPEG	0	57	63	61
n09428293_225.JPEG	0	38	63	63
n09428293_267.JPEG	0	13	63	58
n09428293_4.JPEG	0	9	63	63
n09428293_283.JPEG	0	46	63	63
n09428293_439.JPEG	0	33	31	47
n09428293_273.JPEG	0	31	63	63
n09428293_136.JPEG	0	38	63	59
n09428293_344.JPEG	10	39	63	43
n09428293_390.JPEG	0	26	63	63
n09428293_248.JPEG	0	43	63	63
n09428293_408.JPEG	0	38	63	63
n09428293_124.JPEG	0	33	63	35
n09428293_47.JPEG	1	2	63	63
n09428293_309.JPEG	6	19	63	63
n09428293_202.JPEG	0	36	63	63
n09428293_303.JPEG	0	56	63	63
n09428293_243.JPEG	0	32	63	38
n09428293_40.JPEG	1	46	58	63
n09428293_469.JPEG	0	30	63	63
n09428293_345.JPEG	0	39	63	63
n09428293_317.JPEG	0	1	63	63
n09428293_114.JPEG	0	27	63	63
n09428293_268.JPEG	0	0	63	63
n09428293_157.JPEG	0	35	63	63
n09428293_249.JPEG	0	26	63	46
n09428293_119.JPEG	0	15	63	63
n09428293_445.JPEG	0	32	63	63
n09428293_111.JPEG	0	34	41	63
n09428293_468.JPEG	0	38	63	63
n09428293_51.JPEG	0	38	63	40
n09428293_385.JPEG	0	1	63	63
n09428293_41.JPEG	0	35	63	63
n09428293_216.JPEG	0	18	63	63
n09428293_24.JPEG	0	37	63	63
n09428293_354.JPEG	0	5	63	61
n09428293_79.JPEG	0	30	63	63
n09428293_213.JPEG	0	0	50	63
n09428293_23.JPEG	0	42	63	50
n09428293_400.JPEG	0	53	63	63
n09428293_38.JPEG	0	0	63	63
n09428293_429.JPEG	0	37	63	63
n09428293_477.JPEG	0	39	63	63
n09428293_338.JPEG	0	30	45	63
n09428293_465.JPEG	0	32	63	63
n09428293_130.JPEG	0	48	63	63
n09428293_112.JPEG	0	22	63	63
n09428293_12.JPEG	0	1	63	63
n09428293_416.JPEG	0	32	63	63
n09428293_308.JPEG	0	38	63	63
n09428293_319.JPEG	0	45	63	63
n09428293_236.JPEG	1	27	63	63
n09428293_10.JPEG	0	54	63	63
n09428293_285.JPEG	0	31	63	63
n09428293_495.JPEG	0	50	63	63
n09428293_253.JPEG	0	58	41	63
n09428293_196.JPEG	0	3	63	60
n09428293_459.JPEG	0	53	63	63
n09428293_80.JPEG	0	41	63	63
n09428293_297.JPEG	0	46	63	63
n09428293_304.JPEG	15	38	57	59
n09428293_473.JPEG	0	39	63	52
n09428293_29.JPEG	0	32	63	63
n09428293_98.JPEG	0	17	63	26
n09428293_296.JPEG	0	29	63	63
n09428293_277.JPEG	0	35	63	63
n09428293_193.JPEG	0	19	63	63
n09428293_373.JPEG	0	51	50	63
n09428293_219.JPEG	0	13	44	63
n09428293_340.JPEG	0	24	63	55
n09428293_410.JPEG	0	8	63	63
n09428293_271.JPEG	0	35	63	63
n09428293_8.JPEG	0	1	63	63
n09428293_407.JPEG	36	40	63	58
n09428293_421.JPEG	0	37	63	42
n09428293_327.JPEG	0	47	63	63
n09428293_74.JPEG	0	20	63	63
n09428293_463.JPEG	0	43	63	63
n09428293_13.JPEG	0	17	63	63
n09428293_237.JPEG	0	15	63	63
n09428293_142.JPEG	0	33	62	36
n09428293_443.JPEG	0	5	63	63
n09428293_39.JPEG	0	28	63	37
n09428293_493.JPEG	0	38	63	56
n09428293_343.JPEG	0	31	63	63
n09428293_478.JPEG	0	25	63	63
n09428293_63.JPEG	0	35	63	63
n09428293_97.JPEG	0	47	63	63
n09428293_218.JPEG	0	12	63	63
n09428293_377.JPEG	0	21	63	36
n09428293_199.JPEG	0	44	63	63
n09428293_489.JPEG	0	24	63	63
n09428293_7.JPEG	0	38	63	63
n09428293_160.JPEG	0	15	63	63
n09428293_387.JPEG	0	33	63	63
n09428293_145.JPEG	0	38	63	63
n09428293_494.JPEG	0	42	63	63
n09428293_434.JPEG	0	18	63	63
n09428293_334.JPEG	0	43	63	63
n09428293_264.JPEG	0	5	63	58
n09428293_168.JPEG	0	18	37	47
n09428293_424.JPEG	0	33	63	54
n09428293_207.JPEG	30	35	63	39
n09428293_419.JPEG	0	45	63	63
n09428293_452.JPEG	1	50	63	63
n09428293_450.JPEG	0	1	63	63
n09428293_437.JPEG	0	31	63	63
n09428293_324.JPEG	0	28	63	46
n09428293_422.JPEG	0	13	63	63
n09428293_280.JPEG	0	42	63	63
n09428293_464.JPEG	0	27	63	63
n09428293_475.JPEG	14	16	63	63
n09428293_57.JPEG	0	1	63	63
n09428293_222.JPEG	26	29	63	36
n09428293_17.JPEG	0	29	63	43
n09428293_290.JPEG	0	44	63	63
n09428293_137.JPEG	0	20	63	63
n09428293_159.JPEG	0	28	63	40
n09428293_302.JPEG	0	28	63	63
n09428293_251.JPEG	0	28	63	63
n09428293_362.JPEG	0	28	63	63
n09428293_67.JPEG	0	43	63	63
n09428293_384.JPEG	0	26	63	63
n09428293_186.JPEG	0	56	63	63
n09428293_5.JPEG	0	30	63	63
n09428293_412.JPEG	0	12	63	26
n09428293_208.JPEG	19	40	63	63
n09428293_36.JPEG	0	22	63	63
n09428293_139.JPEG	0	59	53	63
n09428293_209.JPEG	0	18	63	42
n09428293_295.JPEG	0	53	63	63
n09428293_132.JPEG	0	62	63	63
n09428293_105.JPEG	0	36	63	63
n09428293_42.JPEG	0	1	63	63
n09428293_312.JPEG	0	31	63	63
n09428293_351.JPEG	0	34	63	63
n09428293_349.JPEG	0	38	63	63
n09428293_180.JPEG	0	29	63	63
n09428293_66.JPEG	0	24	63	63
n09428293_372.JPEG	0	36	63	63
n09428293_490.JPEG	0	38	63	63
n09428293_133.JPEG	0	30	63	63
n09428293_48.JPEG	0	11	63	63
n09428293_171.JPEG	0	32	63	63
n09428293_403.JPEG	0	23	63	36
n09428293_448.JPEG	0	12	63	63
n09428293_325.JPEG	20	43	63	63
n09428293_367.JPEG	0	18	63	63
n09428293_227.JPEG	0	32	63	63
n09428293_34.JPEG	1	51	14	53
n09428293_310.JPEG	11	50	63	63
n09428293_261.JPEG	0	46	63	63
n09428293_16.JPEG	10	37	63	63
n09428293_54.JPEG	0	33	63	37
n09428293_150.JPEG	0	0	63	63
n09428293_178.JPEG	0	1	63	63
n09428293_259.JPEG	0	31	63	63
n09428293_37.JPEG	0	42	61	44
n09428293_274.JPEG	0	7	63	63
n09428293_467.JPEG	26	7	48	24
n09428293_35.JPEG	0	29	58	63
n09428293_272.JPEG	0	51	63	63
n09428293_115.JPEG	0	31	41	49
n09428293_244.JPEG	0	24	63	63
n09428293_153.JPEG	0	32	63	63
n09428293_314.JPEG	35	32	63	46
n09428293_241.JPEG	0	40	63	63
n09428293_101.JPEG	1	12	63	63
n09428293_125.JPEG	0	27	63	63
n09428293_318.JPEG	0	41	63	63
n09428293_392.JPEG	0	59	63	63
n09428293_444.JPEG	0	41	63	54
n09428293_380.JPEG	0	11	63	63
n09428293_217.JPEG	0	41	63	48
n09428293_206.JPEG	0	33	63	63
n09428293_239.JPEG	0	37	63	63
n09428293_28.JPEG	0	35	63	49
n09428293_72.JPEG	3	42	62	63
n09428293_176.JPEG	0	24	63	63
n09428293_386.JPEG	0	27	60	63
n09428293_2.JPEG	0	20	63	63
n09428293_428.JPEG	0	40	63	63
n09428293_185.JPEG	0	35	61	63
n09428293_329.JPEG	0	43	63	63
n09428293_147.JPEG	0	45	63	63
n09428293_341.JPEG	0	40	63	63
n09428293_167.JPEG	1	0	63	63
n09428293_368.JPEG	0	5	63	53
n09428293_356.JPEG	0	42	63	63
n09428293_22.JPEG	0	39	63	63
n09428293_55.JPEG	0	26	63	30
n09428293_211.JPEG	0	28	63	63
n09428293_175.JPEG	35	41	63	50
n09428293_71.JPEG	0	51	63	63
n09428293_333.JPEG	0	21	63	61
n09428293_460.JPEG	0	21	63	63
n09428293_497.JPEG	0	37	63	63
n09428293_378.JPEG	0	29	63	44
n09428293_289.JPEG	0	40	63	63
n09428293_342.JPEG	0	30	63	52
n09428293_33.JPEG	0	4	63	61
n09428293_165.JPEG	0	0	63	63
n09428293_65.JPEG	0	46	63	63
n09428293_413.JPEG	13	13	37	63
n09428293_281.JPEG	0	37	45	45
n09428293_355.JPEG	0	16	63	30
n09428293_44.JPEG	0	2	63	63
n09428293_427.JPEG	0	29	60	37
n09428293_242.JPEG	0	44	63	63
n09428293_492.JPEG	0	38	63	43
n09428293_231.JPEG	0	35	63	63
n09428293_480.JPEG	0	31	48	38
n09428293_188.JPEG	1	0	63	63
n09428293_350.JPEG	0	38	63	63
n09428293_357.JPEG	0	2	63	40
n09428293_233.JPEG	0	14	63	63
n09428293_353.JPEG	0	31	63	63
n09428293_173.JPEG	0	7	63	63
n09428293_298.JPEG	0	38	48	63
n09428293_305.JPEG	0	31	63	33
n09428293_200.JPEG	0	41	63	49
n09428293_438.JPEG	0	52	63	63
n09428293_113.JPEG	0	0	61	63
n09428293_46.JPEG	0	31	46	63
n09428293_91.JPEG	0	30	63	63
n09428293_144.JPEG	0	42	63	63
n09428293_19.JPEG	0	7	63	63
n09428293_488.JPEG	0	30	63	63
n09428293_269.JPEG	0	19	63	63
n09428293_292.JPEG	0	29	55	63
n09428293_172.JPEG	0	20	63	56
n09428293_323.JPEG	0	29	63	63
n09428293_0.JPEG	0	36	59	63
n09428293_381.JPEG	0	39	63	63
n09428293_265.JPEG	0	14	63	63
n09428293_347.JPEG	0	18	63	63
n09428293_260.JPEG	0	27	63	63
n09428293_322.JPEG	0	0	63	63
n09428293_406.JPEG	0	0	63	63
n09428293_203.JPEG	36	34	63	63
n09428293_87.JPEG	17	23	63	37
n09428293_301.JPEG	0	49	63	63
n09428293_78.JPEG	0	31	63	63
n09428293_481.JPEG	0	0	63	63
n09428293_282.JPEG	0	31	63	63
n09428293_293.JPEG	0	29	63	63
n09428293_366.JPEG	0	36	63	63
n09428293_371.JPEG	0	33	63	41
n09428293_73.JPEG	0	40	63	63
n09428293_3.JPEG	0	45	63	63
n09428293_158.JPEG	0	14	63	63
n09428293_212.JPEG	0	45	63	63
n09428293_221.JPEG	0	28	63	63
n09428293_20.JPEG	0	60	63	63
n09428293_155.JPEG	0	34	63	62
n09428293_455.JPEG	0	49	63	60
n09428293_69.JPEG	0	23	63	61
n09428293_360.JPEG	0	49	63	63
n09428293_230.JPEG	0	0	63	63
n09428293_262.JPEG	0	35	63	63
n09428293_335.JPEG	0	30	63	63
n09428293_104.JPEG	0	38	63	63
n09428293_491.JPEG	0	0	63	60
n09428293_339.JPEG	3	11	53	63
n09428293_332.JPEG	9	31	63	63
n09428293_81.JPEG	0	25	63	63
n09428293_330.JPEG	0	30	63	39
n09428293_404.JPEG	0	37	57	63
n09428293_43.JPEG	1	54	63	63
n09428293_446.JPEG	0	37	63	63
n09428293_1.JPEG	0	22	63	33
n09428293_127.JPEG	0	38	63	63
n09428293_148.JPEG	29	34	63	63
n09428293_121.JPEG	0	26	63	63
n09428293_320.JPEG	0	36	63	63
n09428293_240.JPEG	0	26	63	63
n09428293_263.JPEG	1	28	63	63
n09428293_361.JPEG	0	42	63	63
n09428293_129.JPEG	0	1	63	63
n09428293_482.JPEG	0	8	63	63
n09428293_140.JPEG	0	1	63	63
n09428293_15.JPEG	0	42	52	63
n09428293_234.JPEG	0	42	63	63
n09428293_363.JPEG	0	25	63	63
n09428293_376.JPEG	11	33	63	63
n09428293_106.JPEG	0	18	63	63
n09428293_247.JPEG	0	30	63	63
n09428293_192.JPEG	0	7	63	63
n09428293_346.JPEG	0	33	63	63
n09428293_14.JPEG	0	32	63	63
n09428293_224.JPEG	0	13	63	62
n09428293_471.JPEG	3	12	62	63
n09428293_152.JPEG	0	36	63	63
n09428293_370.JPEG	0	40	63	62
n09428293_399.JPEG	0	32	63	63
n09428293_9.JPEG	0	29	63	45
n09428293_128.JPEG	29	51	63	63
n09428293_388.JPEG	0	35	63	53
n09428293_177.JPEG	0	33	63	63
n09428293_226.JPEG	0	31	37	63
n09428293_284.JPEG	0	45	63	63
n09428293_197.JPEG	0	39	63	63
n09428293_110.JPEG	4	33	63	45
n09428293_232.JPEG	0	43	63	63
n09428293_364.JPEG	12	17	63	63
n09428293_454.JPEG	15	41	63	60
n09428293_436.JPEG	0	33	63	63
n09428293_348.JPEG	0	25	63	63
n09428293_88.JPEG	0	25	63	63
n09428293_205.JPEG	4	47	61	63
n09428293_306.JPEG	0	23	63	63
n09428293_426.JPEG	0	37	63	63
n09428293_432.JPEG	0	35	63	63
n09428293_149.JPEG	0	44	63	63
n09428293_257.JPEG	0	27	63	46
n09428293_286.JPEG	0	31	63	63
n09428293_53.JPEG	0	21	63	56
n09428293_401.JPEG	0	16	63	45
n09428293_76.JPEG	0	19	6	23
n09428293_123.JPEG	0	56	63	63
n09428293_447.JPEG	0	30	63	63
n09428293_107.JPEG	0	3	63	62
n09428293_270.JPEG	0	49	63	63
n09428293_307.JPEG	0	35	46	36
n09428293_487.JPEG	0	17	63	50
n09428293_405.JPEG	0	42	63	63
n09428293_190.JPEG	0	26	63	63
val_9310.JPEG	11	0	63	63
val_4191.JPEG	0	22	63	63
val_7227.JPEG	0	26	63	63
val_6793.JPEG	0	24	63	63
val_3654.JPEG	0	21	63	63
val_9239.JPEG	0	11	63	63
val_3444.JPEG	0	41	63	63
val_2251.JPEG	0	40	63	58
val_8175.JPEG	0	44	63	63
val_244.JPEG	0	32	63	63
val_2277.JPEG	0	36	63	63
val_1681.JPEG	0	0	63	52
val_8902.JPEG	0	0	63	36
val_3599.JPEG	0	45	63	63
val_2711.JPEG	0	18	63	63
val_7962.JPEG	0	48	63	58
val_6408.JPEG	0	1	63	63
val_982.JPEG	19	26	63	63
val_3166.JPEG	0	20	63	32
val_3911.JPEG	0	35	63	47
val_1457.JPEG	0	22	63	58
val_1336.JPEG	0	35	63	40
val_6581.JPEG	0	47	63	63
val_1003.JPEG	0	44	63	63
val_9818.JPEG	0	31	63	63
val_9815.JPEG	0	31	63	63
val_1252.JPEG	0	31	63	63
val_3156.JPEG	0	9	63	58
val_9526.JPEG	0	38	63	63
val_3165.JPEG	1	29	63	63
val_5457.JPEG	0	40	63	63
val_4643.JPEG	0	34	63	63
val_8818.JPEG	0	44	63	63
val_6791.JPEG	0	40	63	47
val_3822.JPEG	0	55	63	63
