n02056570_417.JPEG	0	23	63	63
n02056570_317.JPEG	19	0	50	63
n02056570_22.JPEG	43	21	59	48
n02056570_153.JPEG	21	2	53	63
n02056570_253.JPEG	19	0	61	63
n02056570_238.JPEG	53	20	63	49
n02056570_349.JPEG	0	20	21	55
n02056570_83.JPEG	17	11	53	61
n02056570_106.JPEG	24	20	37	55
n02056570_114.JPEG	24	16	44	54
n02056570_457.JPEG	42	13	62	43
n02056570_58.JPEG	1	0	63	63
n02056570_351.JPEG	0	0	56	63
n02056570_325.JPEG	11	0	58	63
n02056570_423.JPEG	9	8	47	59
n02056570_340.JPEG	18	0	56	63
n02056570_320.JPEG	9	5	31	53
n02056570_261.JPEG	2	15	60	63
n02056570_411.JPEG	0	7	43	58
n02056570_310.JPEG	29	22	43	52
n02056570_28.JPEG	21	0	59	63
n02056570_5.JPEG	31	3	57	48
n02056570_246.JPEG	0	21	12	53
n02056570_398.JPEG	19	20	63	63
n02056570_162.JPEG	23	11	63	63
n02056570_239.JPEG	14	2	56	63
n02056570_293.JPEG	17	3	49	63
n02056570_389.JPEG	9	16	42	63
n02056570_335.JPEG	24	10	54	57
n02056570_219.JPEG	12	0	63	63
n02056570_466.JPEG	38	28	48	44
n02056570_188.JPEG	0	0	35	63
n02056570_280.JPEG	6	15	63	62
n02056570_282.JPEG	0	18	63	63
n02056570_431.JPEG	0	9	63	63
n02056570_112.JPEG	0	0	58	63
n02056570_240.JPEG	9	0	47	63
n02056570_440.JPEG	5	13	63	63
n02056570_207.JPEG	43	16	61	63
n02056570_214.JPEG	11	0	32	59
n02056570_223.JPEG	4	1	50	61
n02056570_465.JPEG	0	0	60	63
n02056570_29.JPEG	9	0	46	63
n02056570_250.JPEG	9	15	60	63
n02056570_430.JPEG	10	0	47	63
n02056570_412.JPEG	18	16	63	56
n02056570_181.JPEG	0	4	63	63
n02056570_70.JPEG	20	15	49	63
n02056570_76.JPEG	51	18	63	49
n02056570_227.JPEG	31	5	63	63
n02056570_129.JPEG	0	12	56	63
n02056570_137.JPEG	28	17	39	36
n02056570_100.JPEG	15	4	50	63
n02056570_14.JPEG	0	1	26	63
n02056570_95.JPEG	0	19	63	63
n02056570_97.JPEG	52	16	63	63
n02056570_380.JPEG	0	0	58	63
n02056570_272.JPEG	26	2	63	63
n02056570_135.JPEG	29	0	60	62
n02056570_435.JPEG	10	5	55	63
n02056570_228.JPEG	2	19	63	63
n02056570_205.JPEG	17	12	42	62
n02056570_171.JPEG	7	0	31	63
n02056570_252.JPEG	20	8	55	61
n02056570_342.JPEG	9	7	53	63
n02056570_92.JPEG	13	6	63	63
n02056570_427.JPEG	21	16	47	51
n02056570_107.JPEG	5	0	62	63
n02056570_226.JPEG	25	24	47	50
n02056570_204.JPEG	10	14	46	63
n02056570_34.JPEG	22	8	61	63
n02056570_77.JPEG	10	5	37	54
n02056570_401.JPEG	21	6	62	58
n02056570_192.JPEG	17	12	29	36
n02056570_333.JPEG	0	1	51	59
n02056570_334.JPEG	9	0	52	63
n02056570_178.JPEG	51	20	63	32
n02056570_367.JPEG	0	4	30	62
n02056570_42.JPEG	11	1	56	63
n02056570_324.JPEG	1	41	25	63
n02056570_375.JPEG	13	17	52	63
n02056570_110.JPEG	42	40	63	63
n02056570_309.JPEG	1	0	63	63
n02056570_328.JPEG	1	32	57	63
n02056570_74.JPEG	12	17	46	63
n02056570_190.JPEG	0	13	48	63
n02056570_218.JPEG	41	26	63	63
n02056570_347.JPEG	8	12	59	63
n02056570_229.JPEG	0	2	43	58
n02056570_353.JPEG	7	13	51	50
n02056570_369.JPEG	12	0	48	63
n02056570_496.JPEG	14	3	59	63
n02056570_298.JPEG	0	16	24	58
n02056570_64.JPEG	0	11	63	63
n02056570_44.JPEG	36	0	57	63
n02056570_94.JPEG	9	22	63	63
n02056570_180.JPEG	0	1	28	63
n02056570_300.JPEG	0	3	63	63
n02056570_262.JPEG	17	0	63	63
n02056570_305.JPEG	3	5	48	49
n02056570_428.JPEG	29	6	57	61
n02056570_415.JPEG	37	9	56	54
n02056570_156.JPEG	30	27	39	46
n02056570_429.JPEG	27	13	44	55
n02056570_467.JPEG	0	25	40	50
n02056570_483.JPEG	44	13	63	52
n02056570_420.JPEG	25	5	63	51
n02056570_321.JPEG	7	0	57	63
n02056570_366.JPEG	16	11	62	63
n02056570_348.JPEG	48	37	53	48
n02056570_244.JPEG	45	16	62	48
n02056570_267.JPEG	18	25	41	53
n02056570_481.JPEG	9	0	57	63
n02056570_179.JPEG	6	11	30	52
n02056570_104.JPEG	34	10	55	56
n02056570_354.JPEG	18	4	63	63
n02056570_265.JPEG	31	22	52	63
n02056570_405.JPEG	10	3	63	63
n02056570_197.JPEG	11	4	48	52
n02056570_497.JPEG	12	2	63	63
n02056570_98.JPEG	0	13	19	63
n02056570_373.JPEG	28	11	53	63
n02056570_275.JPEG	2	0	58	63
n02056570_332.JPEG	0	23	63	45
n02056570_26.JPEG	13	0	52	63
n02056570_327.JPEG	33	11	63	60
n02056570_134.JPEG	11	42	37	54
n02056570_346.JPEG	15	20	30	57
n02056570_99.JPEG	0	3	57	63
n02056570_174.JPEG	9	10	46	57
n02056570_416.JPEG	9	22	59	63
n02056570_182.JPEG	0	9	63	59
n02056570_374.JPEG	0	18	63	63
n02056570_235.JPEG	14	7	56	63
n02056570_499.JPEG	42	35	63	63
n02056570_396.JPEG	0	10	38	63
n02056570_311.JPEG	5	5	37	63
n02056570_121.JPEG	7	9	61	63
n02056570_471.JPEG	15	0	59	63
n02056570_20.JPEG	0	0	63	63
n02056570_166.JPEG	8	0	56	63
n02056570_372.JPEG	23	0	58	32
n02056570_10.JPEG	48	16	63	63
n02056570_237.JPEG	14	13	47	58
n02056570_208.JPEG	1	0	63	62
n02056570_403.JPEG	38	46	44	63
n02056570_395.JPEG	17	13	45	62
n02056570_448.JPEG	0	16	63	63
n02056570_108.JPEG	12	28	59	58
n02056570_194.JPEG	42	18	63	60
n02056570_160.JPEG	14	40	39	63
n02056570_48.JPEG	47	40	61	63
n02056570_294.JPEG	0	5	63	63
n02056570_363.JPEG	13	0	43	63
n02056570_383.JPEG	24	3	58	60
n02056570_3.JPEG	10	0	56	63
n02056570_6.JPEG	13	0	53	63
n02056570_278.JPEG	0	22	63	63
n02056570_314.JPEG	0	0	63	63
n02056570_15.JPEG	0	21	53	63
n02056570_165.JPEG	13	3	55	62
n02056570_439.JPEG	0	3	63	63
n02056570_436.JPEG	18	0	49	63
n02056570_201.JPEG	19	4	52	63
n02056570_51.JPEG	8	0	58	61
n02056570_406.JPEG	0	20	63	63
n02056570_2.JPEG	29	35	39	61
n02056570_152.JPEG	21	2	47	56
n02056570_286.JPEG	2	1	63	63
n02056570_283.JPEG	25	27	39	43
n02056570_116.JPEG	2	7	28	63
n02056570_318.JPEG	0	25	53	63
n02056570_392.JPEG	21	2	45	62
n02056570_304.JPEG	17	17	50	63
n02056570_52.JPEG	13	33	53	63
n02056570_59.JPEG	2	15	56	49
n02056570_438.JPEG	18	7	63	63
n02056570_122.JPEG	5	15	63	63
n02056570_220.JPEG	0	9	63	63
n02056570_213.JPEG	25	38	32	47
n02056570_260.JPEG	9	0	53	63
n02056570_470.JPEG	26	0	61	63
n02056570_150.JPEG	27	4	49	63
n02056570_388.JPEG	60	17	63	63
n02056570_492.JPEG	0	0	39	63
n02056570_322.JPEG	32	15	63	63
n02056570_421.JPEG	20	15	63	63
n02056570_173.JPEG	7	0	56	63
n02056570_397.JPEG	23	18	48	33
n02056570_55.JPEG	3	0	59	63
n02056570_494.JPEG	21	3	63	63
n02056570_37.JPEG	9	1	53	63
n02056570_186.JPEG	12	16	44	63
n02056570_168.JPEG	4	0	46	63
n02056570_352.JPEG	0	4	54	63
n02056570_50.JPEG	3	0	63	63
n02056570_456.JPEG	30	21	43	46
n02056570_365.JPEG	12	13	49	63
n02056570_189.JPEG	0	0	63	63
n02056570_285.JPEG	0	0	63	61
n02056570_141.JPEG	16	18	52	63
n02056570_127.JPEG	10	0	56	63
n02056570_450.JPEG	0	2	63	63
n02056570_484.JPEG	1	45	42	63
n02056570_426.JPEG	2	3	63	63
n02056570_176.JPEG	0	38	5	58
n02056570_88.JPEG	2	5	60	63
n02056570_263.JPEG	0	0	63	63
n02056570_8.JPEG	22	15	59	63
n02056570_40.JPEG	56	31	63	52
n02056570_296.JPEG	57	21	63	48
n02056570_306.JPEG	10	22	29	60
n02056570_236.JPEG	10	19	40	63
n02056570_139.JPEG	53	38	61	61
n02056570_249.JPEG	6	10	63	63
n02056570_487.JPEG	0	11	23	62
n02056570_292.JPEG	26	35	44	63
n02056570_25.JPEG	5	5	45	63
n02056570_480.JPEG	4	1	60	63
n02056570_268.JPEG	15	11	41	60
n02056570_69.JPEG	1	25	45	63
n02056570_248.JPEG	22	21	51	58
n02056570_475.JPEG	36	7	53	53
n02056570_23.JPEG	26	7	63	63
n02056570_155.JPEG	26	18	56	44
n02056570_477.JPEG	4	0	62	61
n02056570_230.JPEG	20	43	36	61
n02056570_254.JPEG	21	14	49	63
n02056570_399.JPEG	17	5	50	59
n02056570_350.JPEG	32	16	63	59
n02056570_326.JPEG	16	12	56	60
n02056570_446.JPEG	48	6	63	61
n02056570_35.JPEG	10	16	54	63
n02056570_216.JPEG	3	0	60	63
n02056570_449.JPEG	23	9	46	59
n02056570_46.JPEG	3	10	63	63
n02056570_414.JPEG	1	11	37	63
n02056570_120.JPEG	22	12	42	63
n02056570_203.JPEG	10	0	55	63
n02056570_393.JPEG	13	12	58	63
n02056570_53.JPEG	0	1	63	63
n02056570_284.JPEG	4	14	29	52
n02056570_287.JPEG	0	21	63	63
n02056570_433.JPEG	0	5	63	63
n02056570_103.JPEG	0	8	62	63
n02056570_390.JPEG	0	23	58	61
n02056570_455.JPEG	16	17	63	63
n02056570_271.JPEG	2	14	36	34
n02056570_39.JPEG	39	28	58	63
n02056570_445.JPEG	16	0	52	63
n02056570_276.JPEG	15	8	52	63
n02056570_148.JPEG	11	0	63	63
n02056570_460.JPEG	46	5	63	59
n02056570_489.JPEG	33	16	61	60
n02056570_136.JPEG	3	0	35	63
n02056570_73.JPEG	16	0	53	63
n02056570_308.JPEG	0	0	63	63
n02056570_234.JPEG	25	13	60	63
n02056570_96.JPEG	11	0	51	63
n02056570_209.JPEG	21	22	36	54
n02056570_146.JPEG	19	8	48	63
n02056570_164.JPEG	37	0	63	63
n02056570_31.JPEG	13	0	54	63
n02056570_371.JPEG	2	0	63	63
n02056570_124.JPEG	29	18	58	63
n02056570_434.JPEG	40	27	53	53
n02056570_93.JPEG	37	19	46	36
n02056570_313.JPEG	4	20	19	51
n02056570_377.JPEG	0	0	63	63
n02056570_469.JPEG	21	49	43	63
n02056570_132.JPEG	25	4	50	63
n02056570_362.JPEG	0	2	31	63
n02056570_67.JPEG	0	0	63	63
n02056570_422.JPEG	0	5	48	63
n02056570_316.JPEG	7	27	10	33
n02056570_384.JPEG	15	0	46	63
n02056570_370.JPEG	0	0	63	62
n02056570_60.JPEG	0	0	63	63
n02056570_360.JPEG	0	26	50	63
n02056570_143.JPEG	16	10	47	53
n02056570_472.JPEG	43	45	47	56
n02056570_125.JPEG	20	12	41	46
n02056570_451.JPEG	2	14	63	63
n02056570_89.JPEG	10	33	22	46
n02056570_79.JPEG	0	10	63	63
n02056570_81.JPEG	0	7	59	63
n02056570_184.JPEG	4	8	54	63
n02056570_444.JPEG	52	23	63	44
n02056570_245.JPEG	29	25	52	61
n02056570_202.JPEG	30	27	37	38
n02056570_113.JPEG	0	6	63	63
n02056570_462.JPEG	5	0	62	63
n02056570_418.JPEG	0	5	63	63
n02056570_75.JPEG	0	8	63	63
n02056570_447.JPEG	12	8	54	56
n02056570_38.JPEG	1	0	63	63
n02056570_256.JPEG	20	0	63	63
n02056570_345.JPEG	8	0	57	63
n02056570_270.JPEG	29	42	58	63
n02056570_27.JPEG	21	17	39	38
n02056570_452.JPEG	31	0	61	63
n02056570_163.JPEG	0	0	62	63
n02056570_61.JPEG	13	6	49	58
n02056570_172.JPEG	6	0	53	49
n02056570_159.JPEG	10	0	51	63
n02056570_199.JPEG	24	0	46	44
n02056570_463.JPEG	9	0	60	63
n02056570_337.JPEG	8	0	60	63
n02056570_123.JPEG	0	0	63	63
n02056570_458.JPEG	12	29	37	63
n02056570_303.JPEG	9	21	53	63
n02056570_490.JPEG	20	8	44	57
n02056570_378.JPEG	13	0	54	63
n02056570_109.JPEG	5	8	53	63
n02056570_149.JPEG	4	0	62	63
n02056570_281.JPEG	22	24	43	63
n02056570_381.JPEG	4	0	36	63
n02056570_215.JPEG	6	27	34	63
n02056570_36.JPEG	14	5	53	63
n02056570_167.JPEG	2	25	63	63
n02056570_361.JPEG	21	8	52	60
n02056570_12.JPEG	24	18	38	56
n02056570_247.JPEG	6	0	61	63
n02056570_33.JPEG	7	0	35	63
n02056570_344.JPEG	9	0	40	63
n02056570_145.JPEG	0	18	63	63
n02056570_17.JPEG	45	16	62	51
n02056570_195.JPEG	19	4	42	58
n02056570_16.JPEG	0	0	57	63
n02056570_62.JPEG	0	21	63	63
n02056570_49.JPEG	0	13	63	63
n02056570_404.JPEG	36	16	57	63
n02056570_154.JPEG	49	12	63	63
n02056570_479.JPEG	55	17	63	58
n02056570_279.JPEG	24	19	44	56
n02056570_1.JPEG	18	0	50	47
n02056570_18.JPEG	0	20	58	63
n02056570_257.JPEG	23	17	40	59
n02056570_315.JPEG	13	12	31	60
n02056570_87.JPEG	20	23	40	44
n02056570_413.JPEG	11	24	36	59
n02056570_255.JPEG	2	5	63	63
n02056570_138.JPEG	33	10	57	61
n02056570_111.JPEG	36	36	57	55
n02056570_84.JPEG	3	23	57	63
n02056570_32.JPEG	18	28	46	60
n02056570_453.JPEG	15	16	52	60
n02056570_206.JPEG	37	6	61	60
n02056570_232.JPEG	23	0	61	63
n02056570_128.JPEG	12	22	63	63
val_3179.JPEG	2	0	63	63
val_8491.JPEG	7	13	26	47
val_1880.JPEG	9	11	46	52
val_4479.JPEG	11	2	52	63
val_7857.JPEG	20	7	52	63
val_5056.JPEG	17	0	59	63
val_1977.JPEG	8	19	59	63
val_4593.JPEG	11	20	58	63
val_331.JPEG	3	11	59	63
val_3185.JPEG	2	0	63	63
val_8958.JPEG	4	8	63	63
val_8787.JPEG	7	17	57	63
val_6202.JPEG	25	4	46	63
val_1073.JPEG	13	14	63	63
val_9504.JPEG	22	11	40	58
val_701.JPEG	0	7	63	55
val_6564.JPEG	0	9	63	63
val_7408.JPEG	4	27	56	63
val_4270.JPEG	0	17	63	63
val_9160.JPEG	31	5	53	54
val_3101.JPEG	25	25	39	54
val_7868.JPEG	31	20	63	63
val_8276.JPEG	0	9	63	63
val_6227.JPEG	44	20	63	63
val_2683.JPEG	0	9	63	63
val_4084.JPEG	11	1	30	63
val_6457.JPEG	0	8	63	63
val_7792.JPEG	16	0	60	63
val_88.JPEG	22	0	56	63
val_2743.JPEG	11	14	25	39
val_4297.JPEG	0	24	63	47
val_1211.JPEG	0	0	63	63
val_1933.JPEG	33	5	62	61
val_1809.JPEG	0	5	60	63
val_3075.JPEG	0	5	35	63
