n02124075_247.JPEG	13	9	53	60
n02124075_25.JPEG	0	11	55	50
n02124075_274.JPEG	24	1	51	63
n02124075_396.JPEG	7	9	37	52
n02124075_59.JPEG	0	0	34	19
n02124075_67.JPEG	13	0	60	63
n02124075_202.JPEG	7	1	63	63
n02124075_350.JPEG	1	0	63	63
n02124075_124.JPEG	8	0	63	63
n02124075_97.JPEG	0	6	63	63
n02124075_432.JPEG	0	8	60	54
n02124075_280.JPEG	10	0	51	63
n02124075_410.JPEG	11	3	63	63
n02124075_112.JPEG	0	5	63	61
n02124075_430.JPEG	0	1	63	63
n02124075_283.JPEG	2	0	53	63
n02124075_224.JPEG	5	10	61	63
n02124075_465.JPEG	10	0	49	63
n02124075_103.JPEG	0	0	59	63
n02124075_363.JPEG	0	4	63	62
n02124075_437.JPEG	3	8	59	60
n02124075_338.JPEG	27	0	63	63
n02124075_215.JPEG	5	0	63	63
n02124075_198.JPEG	1	13	58	41
n02124075_154.JPEG	0	7	63	63
n02124075_414.JPEG	0	10	56	63
n02124075_268.JPEG	0	3	63	61
n02124075_494.JPEG	20	12	44	51
n02124075_394.JPEG	5	1	52	50
n02124075_145.JPEG	12	0	62	63
n02124075_116.JPEG	0	20	63	56
n02124075_244.JPEG	0	1	63	61
n02124075_305.JPEG	0	13	55	63
n02124075_389.JPEG	10	10	50	58
n02124075_148.JPEG	0	2	63	62
n02124075_40.JPEG	0	3	63	62
n02124075_334.JPEG	0	1	63	63
n02124075_450.JPEG	0	26	57	63
n02124075_236.JPEG	12	0	56	63
n02124075_54.JPEG	5	0	55	63
n02124075_383.JPEG	0	14	63	60
n02124075_122.JPEG	0	1	51	63
n02124075_326.JPEG	0	1	63	63
n02124075_164.JPEG	2	0	63	63
n02124075_169.JPEG	0	4	63	60
n02124075_282.JPEG	5	8	63	52
n02124075_443.JPEG	2	1	62	62
n02124075_442.JPEG	0	1	63	63
n02124075_297.JPEG	11	0	44	50
n02124075_469.JPEG	30	6	63	53
n02124075_240.JPEG	0	4	63	60
n02124075_341.JPEG	0	4	58	63
n02124075_288.JPEG	0	5	63	63
n02124075_359.JPEG	7	16	47	53
n02124075_71.JPEG	14	14	53	53
n02124075_260.JPEG	0	4	44	38
n02124075_468.JPEG	2	0	51	63
n02124075_8.JPEG	0	2	63	63
n02124075_48.JPEG	0	1	54	63
n02124075_42.JPEG	0	0	57	63
n02124075_332.JPEG	1	1	60	63
n02124075_270.JPEG	0	0	63	63
n02124075_377.JPEG	2	0	63	63
n02124075_223.JPEG	9	1	59	56
n02124075_317.JPEG	3	1	63	63
n02124075_163.JPEG	0	6	63	61
n02124075_135.JPEG	7	0	62	63
n02124075_339.JPEG	7	6	59	63
n02124075_209.JPEG	0	12	60	52
n02124075_201.JPEG	0	0	54	63
n02124075_290.JPEG	0	5	63	58
n02124075_293.JPEG	6	0	63	63
n02124075_386.JPEG	1	6	63	57
n02124075_351.JPEG	3	2	61	62
n02124075_121.JPEG	6	13	48	54
n02124075_318.JPEG	0	1	63	62
n02124075_417.JPEG	17	7	63	54
n02124075_241.JPEG	5	5	63	60
n02124075_102.JPEG	0	8	63	63
n02124075_72.JPEG	0	13	63	50
n02124075_353.JPEG	29	2	56	44
n02124075_278.JPEG	12	1	63	63
n02124075_451.JPEG	0	1	63	63
n02124075_329.JPEG	0	0	59	52
n02124075_379.JPEG	7	0	63	63
n02124075_453.JPEG	0	2	63	63
n02124075_348.JPEG	33	21	63	41
n02124075_356.JPEG	19	0	51	52
n02124075_152.JPEG	11	14	63	60
n02124075_225.JPEG	0	0	63	63
n02124075_186.JPEG	14	1	63	63
n02124075_474.JPEG	0	14	62	50
n02124075_462.JPEG	0	0	63	63
n02124075_266.JPEG	8	16	45	57
n02124075_46.JPEG	1	0	58	63
n02124075_291.JPEG	0	9	63	56
n02124075_57.JPEG	5	13	62	53
n02124075_354.JPEG	1	16	46	54
n02124075_130.JPEG	12	1	63	56
n02124075_448.JPEG	0	1	63	63
n02124075_411.JPEG	0	1	63	63
n02124075_261.JPEG	16	5	63	55
n02124075_397.JPEG	1	0	62	63
n02124075_208.JPEG	0	0	63	63
n02124075_78.JPEG	4	0	61	63
n02124075_427.JPEG	1	0	55	63
n02124075_16.JPEG	0	20	48	63
n02124075_444.JPEG	0	20	63	55
n02124075_367.JPEG	1	0	63	63
n02124075_253.JPEG	9	4	53	61
n02124075_265.JPEG	0	8	55	63
n02124075_264.JPEG	0	5	62	63
n02124075_226.JPEG	22	0	63	63
n02124075_342.JPEG	0	12	37	63
n02124075_387.JPEG	21	9	63	63
n02124075_74.JPEG	0	3	63	63
n02124075_88.JPEG	10	0	61	62
n02124075_114.JPEG	1	0	63	63
n02124075_76.JPEG	3	0	61	63
n02124075_176.JPEG	0	20	31	54
n02124075_175.JPEG	9	11	63	63
n02124075_392.JPEG	0	0	63	56
n02124075_28.JPEG	0	11	63	56
n02124075_158.JPEG	0	0	63	63
n02124075_328.JPEG	22	30	57	53
n02124075_299.JPEG	0	4	63	38
n02124075_35.JPEG	2	0	61	63
n02124075_429.JPEG	17	1	45	63
n02124075_109.JPEG	0	12	52	53
n02124075_106.JPEG	0	2	63	63
n02124075_4.JPEG	7	0	60	63
n02124075_45.JPEG	0	0	63	58
n02124075_167.JPEG	4	12	59	63
n02124075_132.JPEG	7	0	59	63
n02124075_118.JPEG	0	0	55	60
n02124075_149.JPEG	0	19	63	63
n02124075_12.JPEG	0	5	58	60
n02124075_349.JPEG	11	0	63	63
n02124075_480.JPEG	7	1	63	63
n02124075_262.JPEG	0	7	63	63
n02124075_38.JPEG	10	15	53	63
n02124075_170.JPEG	0	9	57	63
n02124075_144.JPEG	0	0	63	61
n02124075_239.JPEG	0	3	47	63
n02124075_159.JPEG	13	16	46	41
n02124075_347.JPEG	9	5	59	63
n02124075_18.JPEG	4	0	63	62
n02124075_424.JPEG	1	0	62	63
n02124075_475.JPEG	6	8	45	62
n02124075_51.JPEG	2	8	63	62
n02124075_250.JPEG	0	2	63	57
n02124075_146.JPEG	2	2	63	63
n02124075_141.JPEG	5	1	63	63
n02124075_178.JPEG	0	0	56	63
n02124075_473.JPEG	22	6	63	63
n02124075_55.JPEG	0	0	63	63
n02124075_370.JPEG	0	0	63	63
n02124075_368.JPEG	20	19	48	63
n02124075_89.JPEG	0	0	63	62
n02124075_484.JPEG	5	0	54	63
n02124075_312.JPEG	0	8	56	55
n02124075_185.JPEG	0	1	63	63
n02124075_53.JPEG	0	1	45	63
n02124075_452.JPEG	8	1	63	63
n02124075_311.JPEG	5	0	63	61
n02124075_256.JPEG	0	10	49	63
n02124075_81.JPEG	0	0	63	63
n02124075_66.JPEG	0	0	63	63
n02124075_197.JPEG	25	3	63	63
n02124075_126.JPEG	1	4	53	58
n02124075_483.JPEG	0	0	60	63
n02124075_461.JPEG	0	0	63	63
n02124075_478.JPEG	0	0	63	63
n02124075_435.JPEG	3	4	62	62
n02124075_296.JPEG	16	9	63	59
n02124075_457.JPEG	0	0	60	63
n02124075_117.JPEG	13	3	44	47
n02124075_211.JPEG	6	6	48	63
n02124075_221.JPEG	0	0	56	63
n02124075_26.JPEG	0	11	63	63
n02124075_384.JPEG	0	7	63	60
n02124075_104.JPEG	0	17	52	57
n02124075_495.JPEG	6	1	59	63
n02124075_355.JPEG	15	0	55	63
n02124075_84.JPEG	0	7	63	63
n02124075_245.JPEG	0	1	38	63
n02124075_85.JPEG	12	0	63	63
n02124075_125.JPEG	17	16	56	51
n02124075_39.JPEG	0	20	63	58
n02124075_150.JPEG	0	7	63	58
n02124075_99.JPEG	0	7	63	57
n02124075_182.JPEG	0	3	63	63
n02124075_34.JPEG	0	4	63	55
n02124075_90.JPEG	5	0	47	63
n02124075_86.JPEG	31	10	55	59
n02124075_482.JPEG	0	7	63	52
n02124075_408.JPEG	7	0	60	63
n02124075_316.JPEG	0	0	56	63
n02124075_222.JPEG	13	4	50	53
n02124075_330.JPEG	10	0	46	63
n02124075_151.JPEG	0	0	45	46
n02124075_60.JPEG	12	2	49	63
n02124075_335.JPEG	8	0	62	49
n02124075_123.JPEG	11	0	54	62
n02124075_64.JPEG	0	1	63	63
n02124075_137.JPEG	0	5	59	59
n02124075_73.JPEG	0	10	63	63
n02124075_477.JPEG	0	0	63	63
n02124075_309.JPEG	0	1	63	63
n02124075_433.JPEG	0	1	59	58
n02124075_375.JPEG	0	12	57	52
n02124075_470.JPEG	16	13	63	45
n02124075_306.JPEG	1	17	40	63
n02124075_336.JPEG	1	10	63	58
n02124075_110.JPEG	1	8	63	63
n02124075_454.JPEG	0	9	63	63
n02124075_143.JPEG	15	11	60	63
n02124075_61.JPEG	1	0	63	63
n02124075_254.JPEG	20	15	63	58
n02124075_49.JPEG	27	19	63	51
n02124075_255.JPEG	0	0	59	63
n02124075_458.JPEG	0	0	63	63
n02124075_441.JPEG	12	5	59	47
n02124075_419.JPEG	3	0	51	63
n02124075_229.JPEG	2	8	63	61
n02124075_204.JPEG	12	29	49	63
n02124075_82.JPEG	0	9	58	54
n02124075_438.JPEG	0	4	63	63
n02124075_284.JPEG	2	0	62	63
n02124075_98.JPEG	5	0	58	63
n02124075_231.JPEG	11	13	62	63
n02124075_196.JPEG	2	1	63	63
n02124075_302.JPEG	30	15	50	48
n02124075_33.JPEG	0	7	63	62
n02124075_407.JPEG	42	1	63	17
n02124075_308.JPEG	12	17	58	56
n02124075_100.JPEG	0	8	63	62
n02124075_416.JPEG	8	4	59	60
n02124075_205.JPEG	11	0	63	63
n02124075_5.JPEG	7	0	63	63
n02124075_210.JPEG	42	3	63	62
n02124075_69.JPEG	0	0	63	63
n02124075_194.JPEG	0	3	63	62
n02124075_344.JPEG	5	8	55	48
n02124075_11.JPEG	0	1	63	63
n02124075_426.JPEG	15	1	50	62
n02124075_153.JPEG	2	0	62	63
n02124075_217.JPEG	33	8	63	39
n02124075_321.JPEG	0	0	57	53
n02124075_420.JPEG	6	0	61	63
n02124075_192.JPEG	15	0	63	63
n02124075_219.JPEG	0	11	60	57
n02124075_14.JPEG	0	3	63	57
n02124075_374.JPEG	5	0	63	63
n02124075_235.JPEG	0	2	62	46
n02124075_131.JPEG	0	3	63	63
n02124075_157.JPEG	0	4	55	58
n02124075_107.JPEG	0	9	63	62
n02124075_206.JPEG	0	9	63	63
n02124075_173.JPEG	0	0	54	63
n02124075_3.JPEG	12	10	59	55
n02124075_238.JPEG	0	1	63	63
n02124075_324.JPEG	24	22	63	50
n02124075_273.JPEG	0	1	63	63
n02124075_70.JPEG	0	6	38	63
n02124075_276.JPEG	2	1	58	56
n02124075_31.JPEG	16	9	50	52
n02124075_93.JPEG	2	0	63	63
n02124075_58.JPEG	3	7	48	61
n02124075_242.JPEG	0	4	58	55
n02124075_327.JPEG	0	1	62	63
n02124075_372.JPEG	12	15	63	55
n02124075_403.JPEG	0	1	63	63
n02124075_183.JPEG	3	12	63	54
n02124075_272.JPEG	19	0	63	63
n02124075_400.JPEG	2	19	56	62
n02124075_380.JPEG	22	0	46	63
n02124075_373.JPEG	17	0	63	63
n02124075_79.JPEG	16	8	57	58
n02124075_184.JPEG	0	9	63	63
n02124075_127.JPEG	0	1	63	63
n02124075_62.JPEG	4	0	63	63
n02124075_248.JPEG	0	9	53	63
n02124075_232.JPEG	0	3	63	63
n02124075_404.JPEG	4	0	63	63
n02124075_445.JPEG	0	22	20	60
n02124075_50.JPEG	3	0	61	63
n02124075_493.JPEG	0	14	46	63
n02124075_95.JPEG	0	1	61	63
n02124075_346.JPEG	0	1	59	63
n02124075_214.JPEG	0	18	63	49
n02124075_105.JPEG	0	2	56	63
n02124075_399.JPEG	0	3	63	63
n02124075_30.JPEG	9	5	56	63
n02124075_52.JPEG	0	3	63	63
n02124075_486.JPEG	0	3	63	61
n02124075_492.JPEG	0	0	63	63
n02124075_294.JPEG	0	4	63	60
n02124075_303.JPEG	3	7	63	57
n02124075_485.JPEG	0	3	63	59
n02124075_382.JPEG	18	1	63	63
n02124075_249.JPEG	0	16	63	58
n02124075_463.JPEG	7	14	44	59
n02124075_166.JPEG	3	3	59	63
n02124075_230.JPEG	1	4	63	63
n02124075_409.JPEG	14	4	45	56
n02124075_190.JPEG	0	7	63	53
n02124075_358.JPEG	0	13	63	52
n02124075_29.JPEG	5	0	63	63
n02124075_22.JPEG	15	10	63	63
n02124075_497.JPEG	9	0	63	63
n02124075_80.JPEG	6	3	50	57
n02124075_47.JPEG	0	13	55	63
n02124075_96.JPEG	12	0	53	63
n02124075_195.JPEG	16	2	35	63
n02124075_357.JPEG	12	0	60	63
n02124075_459.JPEG	3	0	60	63
n02124075_393.JPEG	25	9	63	41
n02124075_233.JPEG	4	0	60	63
n02124075_402.JPEG	0	0	43	57
n02124075_421.JPEG	0	0	63	39
n02124075_476.JPEG	0	11	63	62
n02124075_337.JPEG	0	0	58	63
n02124075_325.JPEG	11	13	42	39
n02124075_227.JPEG	3	0	63	63
n02124075_199.JPEG	14	8	63	63
n02124075_63.JPEG	0	0	63	50
n02124075_366.JPEG	4	0	62	63
n02124075_479.JPEG	0	2	56	63
n02124075_467.JPEG	0	3	63	63
n02124075_213.JPEG	4	0	57	63
n02124075_128.JPEG	0	0	63	63
n02124075_108.JPEG	0	10	47	63
n02124075_216.JPEG	0	0	63	63
n02124075_10.JPEG	1	0	63	63
n02124075_111.JPEG	7	3	63	63
n02124075_15.JPEG	1	6	63	61
n02124075_36.JPEG	32	0	63	35
n02124075_491.JPEG	13	6	62	63
n02124075_496.JPEG	0	2	63	63
n02124075_24.JPEG	17	1	54	63
n02124075_364.JPEG	0	9	54	60
n02124075_180.JPEG	5	0	59	63
n02124075_101.JPEG	11	5	57	57
n02124075_37.JPEG	5	1	45	61
n02124075_228.JPEG	20	25	50	63
n02124075_289.JPEG	0	13	41	63
n02124075_32.JPEG	0	12	63	60
n02124075_428.JPEG	0	8	56	50
n02124075_133.JPEG	0	0	63	63
val_7263.JPEG	0	5	63	61
val_9223.JPEG	1	29	52	63
val_2961.JPEG	0	23	63	57
val_8814.JPEG	0	0	63	63
val_7355.JPEG	0	3	58	63
val_9190.JPEG	6	0	55	63
val_3100.JPEG	12	22	45	38
val_1355.JPEG	42	14	63	44
val_1338.JPEG	7	4	60	60
val_3640.JPEG	0	0	63	63
val_4659.JPEG	3	6	63	54
val_517.JPEG	0	8	63	63
val_3263.JPEG	0	9	60	59
val_6223.JPEG	7	8	63	62
val_3330.JPEG	8	0	60	63
val_2791.JPEG	0	3	39	50
val_5211.JPEG	0	19	56	47
val_7866.JPEG	8	0	63	63
val_4383.JPEG	11	0	57	63
val_3131.JPEG	17	21	36	31
val_9174.JPEG	1	0	59	63
val_5438.JPEG	30	34	63	63
val_8154.JPEG	23	0	46	63
val_4507.JPEG	0	14	60	59
val_8562.JPEG	7	6	61	63
val_4295.JPEG	4	7	63	62
val_6657.JPEG	1	58	43	63
val_3886.JPEG	6	0	54	63
val_5801.JPEG	0	6	63	63
val_5301.JPEG	30	6	49	31
val_9573.JPEG	12	3	56	62
val_6205.JPEG	32	15	63	63
val_5504.JPEG	0	1	63	62
val_2063.JPEG	12	0	44	63
val_108.JPEG	0	3	63	63
